5.451257134488338846e-02
2.483351544322516258e-01
8.109113493450229027e-02
2.618422034499322537e-01
1.790657423252411118e-01
3.521833230870077130e-02
7.761854164181020144e-02
9.145137131232430883e-02
1.983728045697366882e-01
5.981643838116995626e-02
1.243501933637476964e-01
2.922981563504210012e-01
2.195114849833269127e-02
6.753979702594831158e-02
2.336150012103253570e-01
8.312199271443972137e-02
8.911992726328724079e-02
1.647200305952200572e-01
7.731956278312007713e-02
4.993449397083516567e-02
9.945855059224061046e-02
7.341172121132223671e-02
5.818538791066849708e-02
9.859075619813635616e-02
4.074275952567336934e-02
6.115706038764232716e-02
1.576285846454926753e-01
7.524420022039365885e-02
1.119335425808156564e-01
7.520935477830527349e-02
1.942041246603298105e-02
2.388860629951619630e-01
8.207373020026771659e-02
2.048567974268425962e-01
3.974543369294641221e-02
6.231491907485964959e-02
9.786171473800459042e-02
3.042148411888025983e-01
1.158466153915349989e-01
2.797272484069217649e-02
5.298924744734254816e-02
7.635526579454052221e-02
2.712836211380932894e-01
9.350396832957130755e-02
6.798424651758118442e-02
1.067485158920799398e-01
1.503721529632968679e-01
1.031382649081185737e-01
1.049933183574390111e-01
4.992808253148472292e-02
8.554264444593919631e-03
9.360870146103043854e-02
1.510158281579203066e-01
4.532771196657394558e-02
5.977393936955828491e-02
1.620208416749977787e-01
4.581232382754640148e-02
1.208876659354205380e-01
1.651027464885405915e-01
1.092298925713885566e-01
1.200145896936957723e-01
4.810053086333895833e-02
3.349231203482669339e-01
2.283035505572791890e-02
7.795622982339316109e-02
3.580543985234145576e-02
3.139108007680532775e-02
1.049170625116051525e-01
5.434379598034241171e-02
1.082678099355304097e-01
5.741397653658973643e-02
6.509439284599602416e-02
2.056276885170195690e-01
1.841593287389645950e-01
3.994667899177002657e-02
2.503709937645437478e-02
2.359405918050135331e-01
3.096883183442293852e-01
6.166150552452470679e-02
3.909689613517853407e-02
4.342695602346622469e-02
4.642487572741163526e-02
1.470019493027057700e-01
5.740771512350929806e-02
1.015549225381430359e-01
1.183902381925656805e-01
1.050383220412812735e-01
7.514754213269184135e-02
5.727882444751648816e-02
6.233301392208947383e-02
1.592755591459067421e-01
2.727884417508597559e-01
1.718594963763142025e-01
1.430236694238184170e-01
9.639412802199638641e-02
2.120012081197620857e-01
2.284126077116207035e-02
3.864094481512331952e-03
3.135992765372093427e-02
2.110613337081682639e-01
