8.849711631348108898e-02
2.597039549167206030e-01
1.174718121594879039e-01
3.053430543582381640e-01
2.426042599409220235e-01
4.617855816651143114e-02
9.420753911095247624e-02
1.223408751102058323e-01
2.520660441499242288e-01
7.098491323535048581e-02
1.598674298971671237e-01
3.096149133607955517e-01
2.872020172913283820e-02
1.013235080108633168e-01
2.441684759332956312e-01
1.244573859382611669e-01
1.060176667884699941e-01
1.945582271365716154e-01
9.765670435087560330e-02
5.865578667003032431e-02
1.215533974580033094e-01
1.034136687589841813e-01
7.939295043950571340e-02
1.127505170859575828e-01
5.087526547611997962e-02
7.883873782338012004e-02
1.692811384881931502e-01
8.875547476263215274e-02
1.268370208360338758e-01
9.764184552395827055e-02
2.854397567960655080e-02
2.652590237822304853e-01
8.984494235028159248e-02
2.513853887727638403e-01
4.609422775804670330e-02
8.104630299961386453e-02
1.206321680327532841e-01
3.597241045892495825e-01
1.357013972046544892e-01
3.396248146504991100e-02
6.185024062031502234e-02
9.258523891241549064e-02
3.421940413389440994e-01
1.169200676543084017e-01
8.883773435756234238e-02
1.490810255927846328e-01
1.789412097120355316e-01
1.147963516360694936e-01
1.356301927293592224e-01
6.848318920688020728e-02
1.134390717857606222e-02
1.189737911368492357e-01
1.800087503034073777e-01
5.696982990894704224e-02
8.330107227157623750e-02
2.046214517918459597e-01
6.403231306105286458e-02
1.532279312395536386e-01
1.920746573031700544e-01
1.531495615480388262e-01
1.279373640950371427e-01
5.185825315128216734e-02
3.720044525085119402e-01
3.368271672815028456e-02
1.192930233843814414e-01
4.494752597741830807e-02
3.832690953352398122e-02
1.274482492680883150e-01
6.036651559189674943e-02
1.233730164893897530e-01
7.060740312770563687e-02
7.013152629102276103e-02
2.424168725472249930e-01
1.866521596017206019e-01
4.344107628544557897e-02
3.079558323654133650e-02
2.908119999041343662e-01
3.819508365105994674e-01
7.544309218287538477e-02
4.724577862496485980e-02
4.557350432811568819e-02
6.271112014727621420e-02
1.747733462555760564e-01
7.667816026729695755e-02
1.310524574216951343e-01
1.552530736699377911e-01
1.401140585245130854e-01
7.768050145661950512e-02
6.606726442945887179e-02
8.287445484009722807e-02
1.983156515519529928e-01
3.182299221688004165e-01
2.287552870425808571e-01
1.494591179105909107e-01
1.357518879933989064e-01
2.479247423911203341e-01
3.263507146519557117e-02
5.358738887903356785e-03
3.839046204449243771e-02
2.424187062333140463e-01
