6.030956276065043559e-02
1.995986633868642723e-01
1.440700305847942009e-01
2.589025532588630774e-01
2.158755611864087709e-01
4.225967451622694715e-02
1.289574998378256454e-01
1.173852047711014118e-01
1.914570805220935368e-01
6.955761130337721754e-02
1.020700599678585618e-01
2.882731095022504353e-01
3.868833466688455236e-02
5.464578016521883658e-02
2.760679879225391709e-01
1.089506813353278286e-01
1.511935150669345973e-01
1.955906541200714277e-01
6.239797145334111117e-02
8.218238990359148788e-02
1.043430869969781127e-01
6.218206363910883799e-02
5.053321170654009181e-02
1.529570618952794392e-01
1.122816679500499432e-01
1.046981414584802206e-01
1.890277236703499508e-01
1.358625058746023261e-02
7.893565069684545243e-02
8.442690335326558104e-02
6.224588741623027915e-02
2.780165044448446587e-01
1.952705215959947282e-01
2.285398347306242806e-01
-2.705932554094323244e-03
8.697238455154980563e-02
9.692771184394675943e-02
2.270072407460832775e-01
1.011707609866135116e-01
7.690915922085564405e-02
4.117099343551648000e-02
1.598734220445924836e-01
2.851259517093139850e-01
1.570331770477355338e-01
8.537381786649748949e-02
1.324413650098830997e-01
2.313352780698471056e-01
1.260426915388118407e-01
1.901706948609770409e-01
7.923231110315334669e-02
-4.864307247671284529e-02
3.230403543018777607e-02
1.430085868588126252e-01
1.223985602066039215e-02
1.097827098445822713e-01
2.492460254025571087e-01
1.142776958686321787e-01
1.141256012260588731e-01
6.646851526870324600e-02
1.263923414708521542e-01
1.193019497511777216e-01
-1.892272271604823405e-02
4.145726711583458401e-01
1.838193026482876080e-02
1.331730443415047871e-01
9.603080408494288345e-02
2.131902282477978264e-02
1.045758191545052562e-01
-1.438722461497397853e-02
9.931556924263461317e-02
4.097381342040659624e-02
1.223237553471720057e-01
2.215270327386927862e-01
1.484507408098448833e-01
4.092883720404982828e-02
1.774257799127602550e-02
3.624408757581323304e-01
4.317338690776739707e-01
6.931322950957498341e-02
-6.076990818469438921e-03
5.540704761832739023e-02
6.882603860783692573e-02
1.845400193046170256e-01
1.008970725092370874e-01
8.174347662811284887e-02
3.088442706365963075e-01
1.750968865239855843e-01
1.048957960821119556e-01
4.388243463349397050e-02
2.834687660227456357e-02
1.903605548588054308e-01
3.846484563778533872e-01
1.925573312166108941e-01
9.757624853772561835e-02
1.281386662497902840e-01
2.329498159306071792e-01
-1.089688299458592587e-02
-5.873747678710257436e-02
4.023971343874895891e-03
2.642179665535485111e-01
