1.051312493593324765e-01
1.845809501273774911e-01
5.443050897653175374e-02
7.109366835396808970e-02
1.123463774169506380e-01
1.425230943979211851e-01
7.118219901361601265e-02
1.257287243876031302e-01
1.026025503592933458e-01
1.518474024646743470e-01
9.971195574751101631e-02
4.168813705166166811e-02
5.693364031380942353e-02
1.145977730046063847e-01
1.518803365660612303e-01
1.759289852985064795e-01
9.423999112013993484e-02
6.601727855248865073e-02
1.528533137987183321e-01
7.312042268922272492e-02
1.123676258261023797e-01
1.577042347087474483e-01
1.114169073218064382e-01
1.223928965033079519e-01
6.073754463889009803e-02
1.841516978692699369e-01
4.395107789343806470e-02
1.038957684939131043e-01
4.743574164848496366e-02
1.895073392978889604e-01
2.575360778298370068e-01
1.342496213643047387e-01
9.091464417782799123e-02
2.114794600307045302e-01
9.096869224063423853e-02
1.163570784444070000e-01
9.411616426796161339e-02
1.830913848112739051e-01
9.089066224962727425e-02
1.194429467217197616e-01
9.585524986968718686e-02
4.492845780896857072e-02
7.228961138302376910e-02
9.720385848584456312e-02
2.083607887885314813e-01
2.520235446676327151e-01
1.299922625037943646e-01
1.816394651891330425e-01
1.227409034604386509e-02
1.272361078390611133e-01
8.909898261405758968e-02
1.218762729624954383e-01
7.827453096265306332e-02
1.381407259625861694e-01
1.303166521644521236e-01
7.792046682051079198e-02
1.866850159932663955e-01
2.333011249203008342e-02
1.188194200620683871e-01
1.310845903342969521e-01
1.345303185644592670e-01
1.777970680247327184e-01
5.039691575774229299e-02
3.990606151543014957e-02
1.321628070656051257e-01
1.728541526498091618e-01
1.899214449068278854e-01
6.885740259650605100e-02
9.531430063284568321e-02
1.379595175018771824e-01
1.841065409424869348e-01
9.100062965224124667e-02
1.884465716425073045e-01
1.291079472958873708e-01
3.304181532216374229e-02
1.271234025724324035e-01
1.259767649583420357e-01
8.943938185405010677e-02
1.973003643314810429e-01
2.181254385150143693e-01
5.070452672230542357e-02
1.116127090986210879e-01
6.379740321644915280e-02
1.768847467203508717e-01
7.929980036498693319e-02
2.422146747113770870e-01
4.268337539811877662e-02
1.182608445007512638e-01
1.282572202566334696e-01
4.902997432171204290e-02
7.432298625032368600e-02
9.792442744808764477e-02
7.246567102381086534e-02
8.582930936668098365e-02
8.261756217949789427e-02
7.921628663498045397e-02
3.450458967281511136e-02
1.186615178130823178e-01
1.164034561655544198e-01
1.914613996351550995e-01
