1.227773467996864654e-01
1.984510114942900638e-01
5.869468467736304457e-02
7.775362715253203438e-02
1.199214842797805963e-01
1.354661113398556438e-01
9.627949770407984165e-02
1.455065281997943993e-01
1.201614478456812657e-01
1.501375240421727320e-01
1.280840830089608473e-01
3.668946088623081803e-02
5.666199307015407083e-02
1.603191849580492823e-01
1.759246771333029813e-01
2.393307427326936687e-01
9.840646747249200132e-02
8.024639529565950891e-02
1.827770821665596901e-01
9.626422369500423071e-02
1.524531411836990702e-01
1.989418729854987578e-01
1.620583135618055004e-01
1.091506545414118873e-01
8.261861616682261711e-02
2.022223410607165706e-01
3.778870903821125032e-02
1.030716838992243034e-01
5.591046789092053715e-02
2.204572256534381713e-01
3.149461655372695068e-01
1.478349442040527151e-01
1.097064763570461954e-01
2.537867300802715831e-01
1.621279217648371462e-01
1.597867988485086044e-01
9.425717072954534204e-02
2.245954470778887546e-01
8.909211583440372617e-02
1.495029954113209769e-01
1.198342904796278752e-01
5.293364118175600264e-02
1.086983077734083036e-01
1.227566796071483252e-01
2.392677106255087782e-01
2.635644698295872002e-01
1.687603908216656901e-01
2.471088901618786471e-01
1.373430721407084380e-02
1.498994082091210100e-01
1.105964949974180267e-01
1.929040481918737893e-01
8.193283923985308914e-02
1.343607155929613939e-01
1.955534951352113082e-01
9.090914332735194892e-02
2.641525729266684941e-01
3.182987434598329862e-02
1.778783392500716820e-01
1.410746869581410157e-01
1.596272252839437966e-01
2.372759668492436802e-01
5.461718193935590632e-02
3.350096899852980648e-02
1.636366401825943839e-01
1.971721587263559616e-01
1.996230361828567057e-01
1.036347845106492666e-01
1.054399272414966449e-01
1.483025411486867673e-01
2.241538623134743113e-01
1.037540705768251470e-01
2.084233810543978105e-01
1.303719137627165348e-01
5.043999396296380139e-02
1.579816628537786261e-01
1.328255301556466317e-01
1.097698848617759265e-01
2.117380585371096968e-01
2.808441641942982514e-01
6.115889063038319751e-02
1.124635214739525824e-01
8.763702511850304799e-02
1.941524751162543583e-01
8.736297063410647379e-02
2.800585222497092852e-01
3.974170197469157478e-02
1.569223047541641602e-01
1.587346235987261434e-01
5.762752600248188806e-02
7.899151528969688973e-02
1.147773081666172423e-01
7.803003238575960399e-02
1.074681306716080975e-01
1.086481434842270777e-01
7.624849667110984719e-02
3.111513328292839914e-02
1.489678148083374842e-01
1.218213669034968472e-01
2.394945886277171088e-01
