5.742100155155119984e-02
2.115129333622016439e-01
2.397753970383824720e-02
2.877748255093375961e-03
8.699542237195985461e-02
1.327742887913450909e-01
1.986108833075365121e-01
1.394242801329314552e-01
6.116177769873779035e-02
1.699958560015165931e-01
2.013335121061027300e-01
1.649643313458558705e-02
1.832125014948127531e-02
1.117458143064547771e-01
1.550116308295408918e-01
8.777275396174605282e-02
6.980416137290607059e-02
4.614831129053650893e-02
1.532319910928680307e-01
5.192399835349556514e-02
1.840410053543778957e-01
1.896199846142632706e-01
1.539711831920912433e-01
7.539024533408741902e-02
4.471471998942764398e-02
1.632267160663642414e-01
2.702221997377800885e-03
1.399640815119942150e-01
-2.151035046495803228e-03
3.034816980727190749e-01
9.422246421351876400e-02
1.490418573841399419e-01
8.597126809926547431e-02
2.242044386130608025e-01
1.309037738632916892e-01
1.736797234003799595e-01
9.513727979345769359e-02
1.911379058915243512e-01
2.165404689916563402e-02
1.576436451676765382e-01
1.261692990508637979e-01
4.093552545405931137e-02
4.731162083089150011e-02
1.131705690244671630e-01
3.054807937083290348e-01
2.712372708211051586e-01
1.806045712009331228e-01
2.743849179790108228e-01
-6.604193143671130417e-02
1.428839923646567922e-01
1.597599038962450313e-01
2.375673369134553015e-01
3.902249857736322936e-02
1.034005861610738097e-01
2.524005420716030623e-01
2.511319739105432117e-02
2.421430581531988924e-01
6.555354428483934313e-04
1.216874315749715413e-01
9.626451296709795380e-02
1.568670805708618499e-01
2.875037377065249866e-01
-1.989947647794543598e-02
-2.312142289697968756e-02
1.358727475952413444e-01
1.449385049113564583e-01
2.337333737271982959e-01
1.055871117566316575e-01
4.187082395810180768e-02
1.837110606204815089e-01
2.236656548913870113e-01
6.184931172113723036e-02
2.734448246604909150e-01
2.006615784987837992e-01
-5.540618981993183575e-03
1.303079594085956860e-01
7.120356619084095007e-02
1.360452703164991839e-01
2.130836656015534514e-01
2.729720406351816564e-01
-3.003295862182595293e-03
1.825343809585940336e-01
9.810891571379000420e-02
1.943779470775636731e-01
1.246519365542705232e-01
2.673021056640146331e-01
-6.825458868701576344e-03
8.504026236671197170e-02
1.365788208027272910e-01
1.421336378393659068e-02
3.319366016636673272e-02
3.319877243411883255e-02
5.317606305509035847e-02
6.061042541744732920e-02
2.102216973298928412e-02
3.496800486798827545e-02
-2.015650417210363560e-02
1.248349851315105619e-01
8.357987040943619383e-02
2.654282291494239332e-01
