9.696256934751940060e-02
1.305270660425793816e-01
1.083367282254530106e-01
1.182738691462912467e-01
8.982790584467420514e-02
1.157202791750069487e-01
1.072425340745567501e-01
9.072923481365784137e-02
9.250522399790774009e-02
1.421710787884875871e-01
9.120395236141910777e-02
5.405743647408949720e-02
1.923886291935648363e-01
1.256130189169459010e-01
1.680517255983948188e-01
1.285957099906043510e-01
1.034846014197962349e-01
9.916443942556847635e-02
1.578056519663725010e-01
1.005665533690390384e-01
7.825080841513031016e-02
1.019154135859061117e-01
8.996836877316873038e-02
1.164578677401777312e-01
1.277843177003494257e-01
1.347808952412125338e-01
1.281553025426317161e-01
1.073441976981154428e-01
1.237760255291792399e-01
9.195292770196922261e-02
6.142758448538757077e-02
1.044610754540058056e-01
1.104724972568827956e-01
1.512204823072870741e-01
8.831033741471355780e-02
5.302526206431071309e-02
9.444150940364058611e-02
9.680154096619530968e-02
1.273562739461167881e-01
7.650477045458467518e-02
8.287857960532638013e-02
1.807618219194062348e-01
1.046153622693000995e-01
6.339732695957329967e-02
1.089171209447953315e-01
1.104860967511072517e-01
1.554091138522041560e-01
1.172712796223713272e-01
1.360471173938573863e-01
1.419366248654602980e-01
1.247364732766805678e-01
7.950149729377890828e-02
6.971434967311963826e-02
7.671608279719453749e-02
7.004229498033512358e-02
1.603028060689843382e-01
1.225803044639466877e-01
1.311743022278486215e-01
1.202270110641269207e-01
9.662166658689688714e-02
4.768608005741673678e-02
5.223274412439847525e-02
1.558771690264250664e-01
1.071352519975356105e-01
9.579688817989011340e-02
8.936473824058409343e-02
1.050912023748663410e-01
9.221190131659089129e-02
1.185249986523847360e-01
9.681892214144857678e-02
1.038160495707249470e-01
8.330432223497431787e-02
8.654815158786889617e-02
1.196737929846549975e-01
1.502173763672650098e-01
1.599975337429611622e-01
1.397652234161403662e-01
6.648330035922803138e-02
1.562651244334327671e-01
9.636483285743224769e-02
5.245224166976508728e-02
1.007208427707784737e-01
1.017637393019363845e-01
1.572453695021610864e-01
6.646807557620580675e-02
1.175980401085595650e-01
1.046317130779712973e-01
9.263605762277507538e-02
9.141269838304230677e-02
1.282197019641361513e-01
9.996964348455747440e-02
7.221098584019941535e-02
1.183145584196467481e-01
1.349771038385725874e-01
7.006362477418992540e-02
1.637531175671791406e-01
1.711423582986592307e-01
1.379294930303273103e-01
1.249183903551343983e-01
1.412233391609903355e-01
