9.034892220320833722e-02
1.270290815631525128e-01
9.950232191159028017e-02
1.229236326069740870e-01
8.742533040426091195e-02
9.279324093737430224e-02
9.681570487010601744e-02
9.162689157091713499e-02
1.038046515919614499e-01
1.368219783761162045e-01
9.117241909977216729e-02
5.609247142129418495e-02
1.627307751401850244e-01
1.270324457049511746e-01
1.011421332859838706e-01
1.334033541480399709e-01
8.878019939314438225e-02
1.090685879495424115e-01
1.540861377198978199e-01
1.049967722756203203e-01
8.665236330246524343e-02
1.093147753007340517e-01
8.248909578028706946e-02
1.195666380358418324e-01
1.416299474146972548e-01
1.103646889284811555e-01
1.233669247360901500e-01
1.022098856181026527e-01
1.103551251428032398e-01
9.729760016383182109e-02
6.771676258740193244e-02
9.629459354241980129e-02
1.129245482349122559e-01
1.413052547838633544e-01
9.235113817232509792e-02
5.541561295533547343e-02
9.073618661001706109e-02
9.914314857340077169e-02
1.323799885381135577e-01
7.498304708505751370e-02
8.972387763424316542e-02
1.601268001337011748e-01
9.255502952585997756e-02
7.043651956041552253e-02
1.022032069930110670e-01
9.525313246170069581e-02
1.580062806948769882e-01
1.194626057707640354e-01
1.180125446425728669e-01
1.084500169854588081e-01
1.138010100138515668e-01
8.119014212631062155e-02
7.387237319596265395e-02
7.967581478655705318e-02
6.479233221240453255e-02
1.673424151757032519e-01
1.227020843454947330e-01
1.181453015504253939e-01
1.267207644847860304e-01
1.028623220798629417e-01
6.590821338166147347e-02
6.358856700762507974e-02
1.523592456963948627e-01
1.137521473697755692e-01
1.027572518105212135e-01
9.266983143313581306e-02
1.164762256378730765e-01
1.010022025795896811e-01
1.190409078360253337e-01
9.310963959189964834e-02
9.810696209417235636e-02
9.030110965989046612e-02
9.686781016719589466e-02
1.254397385170270551e-01
1.174299426483597364e-01
1.730791870994878301e-01
1.289906141586251720e-01
8.043526178114848713e-02
1.475589696778817628e-01
8.687218651876521536e-02
4.941212842920471998e-02
9.833533205705902169e-02
9.150369723978180048e-02
1.612561203993216341e-01
6.906049498838130740e-02
1.081481583693375548e-01
1.095233407204261045e-01
9.473823397999769913e-02
1.012190312540281190e-01
1.148597735521173224e-01
1.064213639224645125e-01
7.617046283876452439e-02
9.545858981070554083e-02
1.333925624484310068e-01
7.706138503323620159e-02
1.441498777796043629e-01
1.642700657594939606e-01
1.375798324699706310e-01
1.260892306371153571e-01
1.356661511804172493e-01
