7.503931026669416471e-02
9.825592697536537912e-02
8.068829722281140038e-02
9.892496044237590602e-02
7.255019929703473980e-02
7.576346250524294834e-02
7.874703808887266454e-02
7.504403460096895073e-02
8.612804689026495875e-02
1.100854766984284416e-01
7.169310805884129834e-02
4.434816990945565640e-02
1.379615941309539628e-01
1.036347753320786824e-01
8.651435340715307731e-02
1.089523663800348735e-01
6.750123353764554690e-02
8.865487125028123638e-02
1.328356119365011745e-01
8.646854026687161854e-02
7.001568480870702660e-02
8.918846048890238798e-02
7.003039127371783745e-02
9.619222510559870265e-02
1.171735584893216914e-01
9.283362477990621253e-02
9.591889348833247675e-02
8.810673903407864604e-02
9.507706984240217596e-02
7.808129676697458943e-02
5.600040001598353273e-02
7.660825680007248006e-02
9.506545943647705388e-02
1.202031029229231607e-01
7.158578377470312115e-02
4.425564319624317872e-02
7.742606383432526496e-02
7.584070493675230951e-02
1.036934231529104827e-01
6.099785809074914633e-02
7.333411378665009861e-02
1.393672013439112289e-01
7.485961061766893687e-02
5.471436763391931968e-02
8.043532489097707239e-02
7.700572310521713870e-02
1.365426148970716735e-01
1.038089701833137396e-01
9.831385360752427360e-02
8.782497862147663203e-02
9.447495321853857653e-02
6.681286300694100344e-02
6.060574255704444940e-02
6.136695176454961403e-02
4.561140375395662111e-02
1.317575962206063711e-01
9.907455104145143632e-02
9.541951022798135507e-02
1.076913152910117244e-01
7.899179998491041854e-02
5.355259344867043664e-02
4.845196495287185101e-02
1.270967318163974125e-01
8.958159041462977756e-02
8.516216471295380563e-02
7.894787172008549403e-02
9.541027196068946337e-02
9.036339904028396763e-02
1.020025036937705493e-01
7.905023620501415438e-02
7.760747973436037117e-02
7.256875571225868127e-02
7.330337266500309978e-02
9.511926420343172484e-02
9.987118764687706596e-02
1.305512851410561559e-01
1.009346247781448547e-01
6.130503893673918542e-02
1.124360090764855158e-01
7.172909014230696712e-02
3.654237891325869125e-02
7.857304942913623247e-02
7.139570618374704858e-02
1.156867754391016218e-01
5.896365517104055348e-02
7.997939407941677403e-02
8.871021217585119134e-02
7.343107714018398680e-02
8.275084224042000836e-02
9.515143097817810314e-02
8.622642162350689643e-02
6.666808350879230294e-02
7.997685397689852094e-02
1.062957151562981400e-01
6.253827451419378958e-02
1.194116779860530803e-01
1.286793475999787051e-01
1.083559379693535968e-01
1.010927508578461781e-01
1.084291033455797582e-01
