1.0,0.0055868,0.000847677,0.0007979980000000001,0.00245916,0.002353,0.00513149,7.50172e-05,2.1821099999999997e-06,0.0007857739999999999
0.0055868,1.0,0.00304268,0.000950396,0.00324081,8.397979999999999e-05,1.88574e-05,0.00020260799999999998,0.00180463,0.00111015
0.000847677,0.00304268,1.0,0.00142915,0.001333,0.000911537,0.00059851,0.00264628,0.00141111,0.00104704
0.0007979980000000001,0.000950396,0.00142915,1.0,0.027801299999999998,0.00279914,0.00196594,0.000137658,0.000116339,0.000289101
0.00245916,0.00324081,0.001333,0.027801299999999998,1.0,0.00019956900000000003,0.00290429,0.00996387,0.00200805,0.00111819
0.002353,8.397979999999999e-05,0.000911537,0.00279914,0.00019956900000000003,1.0,0.295009,0.000600134,1.3931e-06,0.000273205
0.00513149,1.88574e-05,0.00059851,0.00196594,0.00290429,0.295009,1.0,0.0006687010000000001,6.08355e-06,0.00276866
7.50172e-05,0.00020260799999999998,0.00264628,0.000137658,0.00996387,0.000600134,0.0006687010000000001,1.0,0.000312367,0.00122756
2.1821099999999997e-06,0.00180463,0.00141111,0.000116339,0.00200805,1.3931e-06,6.08355e-06,0.000312367,1.0,2.64408e-05
0.0007857739999999999,0.00111015,0.00104704,0.000289101,0.00111819,0.000273205,0.00276866,0.00122756,2.64408e-05,1.0
