6.393803340728361484e-02
5.123295098723622959e-02
7.533943854173406895e-02
7.265000703051326114e-02
1.125683415818898303e-01
9.399722026755520654e-02
1.300415071960963342e-01
1.168468218634700628e-01
9.573348544029514073e-02
5.947699814108103888e-02
1.044074879251106064e-01
1.556798857403277059e-01
1.299796677476767470e-01
1.190689092423936196e-01
2.740578903391912430e-02
1.712354420540734834e-01
1.180408132012175648e-01
8.531819246706791315e-02
1.291275098542376820e-01
3.704994709048137214e-02
1.815238136835004845e-01
1.763412373802254740e-01
1.798317834827166117e-01
1.006587588608282291e-01
1.507812724879477873e-01
3.728497385093110933e-02
2.632133257948223934e-02
1.037281569457318420e-01
8.456513820640222667e-02
1.367030931690097761e-01
1.909859112600973130e-01
1.494466935634764237e-01
6.363387749377573399e-02
2.189190399201851323e-01
3.508093242113285992e-02
1.079854159282750276e-01
1.189861438847132635e-01
1.643143208422474522e-01
1.255905698473909760e-01
9.625923848176949627e-02
1.013500506370316606e-01
8.821375312720322603e-02
7.360418990190140121e-02
2.120695905596093056e-01
1.296051337695963146e-01
6.113276775965678644e-02
9.398786686841117954e-02
7.014790680120712441e-02
1.416705789913682290e-01
1.620900288132777201e-01
8.223543447807847573e-02
1.601347006967822062e-01
1.080512670467193986e-01
1.406201762545692957e-01
-5.340988250350725899e-03
9.035993979680066734e-02
1.525783154073661607e-01
7.828136199718545296e-02
1.767144924143229379e-01
9.100767302174252171e-02
9.243475933080344542e-02
3.648238678466412394e-02
1.980052253753001312e-01
6.157491557074436933e-02
7.640023092688377759e-02
1.212479539761301545e-01
6.719917590290772069e-02
-7.173320190493454734e-03
3.894549370961194329e-02
4.372961186177173887e-02
1.844976775544010517e-01
6.439438147284765046e-02
2.034060127490265879e-01
5.163239698560675300e-02
8.660106330237811456e-02
1.270154736876361601e-01
5.503706104970688268e-02
8.231029296860679217e-03
8.628827861032328794e-02
9.242789707080294181e-02
1.198507952754561956e-01
3.607829512385189730e-02
1.054851741114144759e-01
1.422660762645496652e-02
9.690275012343056715e-02
1.291804530905280579e-01
7.606323655274309370e-02
2.599298888138338315e-01
8.401565562017018762e-02
6.169388028248958683e-02
1.379776339918060701e-01
9.173984790047406968e-02
6.099984963127366711e-02
1.162008972099377035e-01
1.739311408085146282e-01
5.261684629930304252e-02
1.186687867449415096e-01
1.480948130008270802e-01
1.294949133988768097e-01
8.778830074326085531e-02
