8.593291110569838132e-02
6.920322586709766466e-02
1.061881157952877519e-01
8.070740727603871456e-02
1.270053882172717530e-01
1.077194877473396373e-01
1.014624607651603561e-01
1.183264906565149599e-01
1.264762252587346425e-01
9.989298734780729938e-02
1.039496195615263185e-01
1.628504253033938864e-01
1.495358494937478744e-01
9.764225777439446141e-02
3.473234654381975733e-02
1.502613513385608612e-01
1.110231696566846005e-01
1.060406900168848476e-01
1.262036649442603853e-01
6.735746479666010478e-02
1.397595263517068531e-01
1.520875188784811261e-01
1.616179605472259917e-01
1.054455834631701922e-01
1.768211942184569618e-01
6.208571610173262839e-02
5.027696285479676952e-02
7.072998624060521100e-02
1.022571817308992742e-01
1.224214420606783149e-01
2.031578926621143699e-01
1.749955763802893416e-01
4.467693626030329324e-02
1.550637619630863551e-01
1.718349378520944715e-02
1.208469962846406842e-01
1.282825038451355093e-01
1.859847330905854412e-01
1.567143729986794909e-01
1.200450073536679096e-01
1.022230554528579805e-01
9.864068304365795903e-02
7.690340274564858025e-02
1.618472943186968771e-01
1.349785797540647980e-01
6.548108418231378403e-02
1.096151622825155547e-01
5.717718987517390189e-02
8.358964786675367187e-02
1.681705553839444867e-01
1.102341977779416476e-01
1.484166492168365603e-01
1.145405335129683622e-01
1.021076676230188579e-01
3.316649924332741584e-02
1.009664129704150731e-01
1.688081781973372886e-01
6.969484944615714217e-02
1.784880979031681081e-01
8.758620726985738569e-02
1.210905525194413135e-01
6.270216280948825993e-02
2.070961641029881728e-01
6.974107611958499375e-02
9.485843059888847406e-02
1.285837380819507825e-01
8.715031385806845665e-02
2.571897243350115825e-02
4.587439963396922754e-02
7.550561414291594164e-02
1.791505109318168310e-01
1.009627369141310183e-01
1.784298207147047566e-01
6.447647860301930489e-02
1.145773364184605736e-01
1.081071942646839312e-01
8.646316730774750159e-02
3.025122490603980238e-02
9.765657731281000842e-02
1.005149318126988683e-01
1.253486965051015811e-01
5.516246459261470170e-02
1.371989349552596715e-01
4.432832912864134722e-02
1.018258361713678672e-01
1.289876798780049405e-01
9.439915173542645643e-02
1.647387899653353638e-01
9.933385534525099314e-02
5.756549286878358956e-02
1.118193615848400435e-01
1.074816038168263099e-01
3.782349197769032528e-02
1.029944818306331722e-01
1.358673704264595772e-01
2.798104804258772643e-02
1.311749186274088763e-01
1.296555838067628419e-01
1.201641266984632972e-01
1.180638747601991667e-01
