6.836002775122378139e-02
5.536154519428502369e-02
7.527628818165198188e-02
6.251100429219023924e-02
1.092689148200483990e-01
8.180021352291604042e-02
8.588158649914827414e-02
9.213734600721808221e-02
1.085252263334095940e-01
7.555362961248660025e-02
8.412969016740477757e-02
1.322523603012106808e-01
1.335985134620268910e-01
7.796917562735253271e-02
2.841695421630689375e-02
1.332017635619275608e-01
9.842785885169287596e-02
8.766516132449141130e-02
9.247526059106481178e-02
5.132653533737961682e-02
1.215883326943736215e-01
1.145311187286652543e-01
1.248373299732075947e-01
8.486936708275800989e-02
1.642613446909609032e-01
5.123341309231503604e-02
3.714182126552941637e-02
5.369487895119726822e-02
9.278261473548128635e-02
9.786586127890893605e-02
1.725584892662291314e-01
1.494820746876138751e-01
3.588502217274407852e-02
1.318027980499447971e-01
1.483813661517330122e-02
1.009898935258234653e-01
1.027772787275380018e-01
1.527067889209950124e-01
1.350732099758601423e-01
9.546037591969623592e-02
8.214956708338159996e-02
8.189497408305537740e-02
6.481612441882279863e-02
1.359661059222651014e-01
1.117406593743425214e-01
5.058399852724049933e-02
9.990260966315335500e-02
4.920970985696949268e-02
7.200778922369552304e-02
1.520679554097222608e-01
9.024755423336683346e-02
1.135051119512945350e-01
8.758384118979380129e-02
8.443127000168496044e-02
2.525317694432919341e-02
8.518632296568624807e-02
1.223989453318181930e-01
6.022589875425225087e-02
1.307405169111967580e-01
7.124854349697133660e-02
1.019548726408940065e-01
5.248934633782999931e-02
1.669541840971252300e-01
5.577348728538188138e-02
7.589658292229199688e-02
9.042831419736985232e-02
6.154566125441700980e-02
1.996994514442272314e-02
3.522426387248518698e-02
5.455093432427429723e-02
1.450585824680023783e-01
8.255582288484648867e-02
1.426406277353346463e-01
5.736363313624803784e-02
9.064511602795251310e-02
8.264997498026981082e-02
7.524104536708960123e-02
2.303851684312413842e-02
8.172931572933343769e-02
8.529800361294315181e-02
1.103115729908257792e-01
4.392131025864851740e-02
1.166576046270488554e-01
3.547251296830149919e-02
8.559777315202174441e-02
1.064683158642584365e-01
7.321557825564838085e-02
1.506405987525865631e-01
9.174399512188831374e-02
5.081350389795208367e-02
7.870222019415927528e-02
9.016448504889043591e-02
3.182730406981648663e-02
8.751600684949556452e-02
1.132318378122415536e-01
2.637952977958069739e-02
1.122907031827662661e-01
1.032412393007634543e-01
1.132893455542194061e-01
8.516271727408945835e-02
