-1.227097777897814476e-02
-3.938310784410398169e-01
7.089509187697305981e-01
-3.607961469709936031e-01
nan
7.341886942625648338e-01
2.205371592354595234e-01
8.844184269156809552e-01
-5.776555629349409138e-01
6.467508522658708958e-02
-1.774277439909818233e-01
3.506236521951259788e-01
1.518695373713596364e-01
nan
-3.083718928924870095e-01
9.767025080350528743e-01
-2.726557535721764181e-01
nan
-3.298499674156697425e-01
3.515435866841586376e-01
-4.456165601515518770e-01
-8.242955129222036270e-02
9.881472299078325472e-02
1.837812205275466959e-01
2.596652159020734096e+00
nan
-4.976680152657834144e-01
-6.415501041654661507e-02
-3.218681722569841641e-01
1.059178053594479918e+00
1.970015563191527749e-02
7.328996300554379006e-01
-9.841299164619994599e-02
nan
1.853856536072182593e+00
6.960157953875785175e-01
nan
5.413650294682989528e-02
4.894454197976263465e-01
nan
3.354479304109447835e-01
-1.617566759014673616e-01
6.935477621240536683e-01
-4.141954458920524829e-01
5.631651145478597797e-01
-6.791153673937256885e-01
-8.774630059363844325e-02
-9.508464606284634801e-02
2.137817809409132686e-01
-2.558428174537579758e-01
3.626877256543886152e-01
8.836518020772111681e-01
-7.111947891402369271e-01
-2.335977844136017390e-01
nan
nan
2.857571829673568597e-01
4.893271388769097063e-01
-1.316256556276616529e-01
-2.404075271740492570e-01
-5.084409287444593278e-02
5.571726164268094861e-01
nan
1.165655901870372713e+00
nan
2.685497078704564555e-01
9.898264861676903115e-01
nan
nan
-4.038097463138939358e-01
nan
6.215498521381043195e-01
2.036345451343924140e-01
-5.008653254236536956e-01
4.542608328252495942e-01
nan
-6.389173068958661772e-02
nan
nan
2.786480973389595106e-01
-4.025088197562761150e-01
6.564705494036936484e-01
-1.844175868188451251e-01
-2.718840719470648759e-01
5.481376159310757945e-01
-2.035697167872687063e-01
-4.743661999178991340e-02
9.134918378552024654e-02
nan
5.732862193565588793e-01
2.966403124737488350e-01
-4.362136532702698410e-01
-3.325523873179709877e-01
2.779970144062883231e-01
-4.142443977207941885e-01
7.015145727051937952e-01
6.634731769858972505e-01
-3.480782925983949561e-01
1.182194075906174646e+00
1.449515158305964668e+00
