2.081050572257265308e-01
-4.580062278818797131e-04
1.586440785639602891e-01
9.471508939695594265e-02
1.755350164996070939e-01
2.379556951798931716e-02
6.593935276967455468e-03
7.337577420949410456e-01
2.027269871732086809e-02
2.490070667782189884e-01
2.502535144329034456e-01
2.154463821245942157e-01
1.383108775312096375e-02
7.771776243537517614e-02
1.220181447465417818e-01
9.094797590827172207e-02
-4.040354300783506603e-02
5.014878224050507705e-02
4.491299304275797044e-01
9.693996687453143579e-02
1.717746265185615684e-03
5.343123909709616981e-02
2.470785093946131217e-01
1.080940065700656955e-01
3.741833773996560142e-01
1.944335635182372068e-01
4.594175497020853982e-02
2.772045136204722149e-01
3.491860482129664767e-02
1.930309546142974786e-01
1.643718343028552353e-01
2.522486346633937560e-01
1.295578367056737512e-01
3.334350052814412102e-01
-3.242115813567258975e-02
2.267756006893790685e-02
-3.595102782789503376e-02
4.048367436133369357e-01
1.343929121085820078e-01
-6.241424012212976047e-02
-7.486695852656630179e-02
-2.802272330214274770e-02
9.284138945924032271e-02
5.223931824241505317e-02
9.639191173648539723e-02
3.029497805219376685e-02
9.522041561988806024e-02
-8.828985908265127303e-02
-1.017614840545494059e-01
1.533235642200681814e-01
3.347930561814034534e-02
4.684457660485890074e-01
-5.181869569139239615e-03
3.208891939461388509e-01
-6.667289152405228569e-02
-9.849516031302175262e-03
1.512549765172641059e-01
1.425921596902202937e-01
1.349556566125878487e-01
8.422520093171214847e-03
-5.869173703590013780e-02
2.048202281346570841e-01
4.246824167940976835e-01
2.317883964799054008e-01
5.419463926741716758e-02
1.938715888685889621e-01
-1.348347122744630823e-03
2.206548524287860469e-01
4.233492653695992702e-01
2.674501067281370159e-01
6.901915317882479917e-01
1.979192641962351229e-01
5.452976971161054009e-02
3.450427838241867246e-02
5.466203447583528607e-02
-6.451341922434650211e-02
1.380810916239896269e-01
4.285351027334403651e-01
2.266348250316343321e-02
2.059388579546113096e-01
-4.066653455875668746e-03
3.870006714931482211e-02
-2.499145874332104819e-02
-1.467723066303917023e-01
3.984854294062527280e-02
7.726252723688178947e-02
3.005690529439067338e-01
2.808609984401846393e-01
4.538651705901671773e-01
-3.507458413442243956e-04
2.428047127534029848e-01
-2.666369748125787392e-02
-4.274538486739305754e-02
2.639468003972522681e-03
3.595769055212745535e-02
1.419843540892617995e-02
2.414752741791771906e-01
-1.059035070075915463e-01
3.822507673192480915e-02
5.902860037910936247e-02
