5.714753431543555945e-02
1.716964878640460657e-01
1.554226521453766323e-02
-7.097272955779882278e-03
8.315736221573970244e-02
1.229230783543493605e-01
1.767228473664530508e-01
1.366514133899839334e-01
2.856589498095109952e-02
1.528428084416268706e-01
1.687892800819907613e-01
1.975950292395888680e-02
1.263679443488244410e-02
8.238329171416416963e-02
1.361222635447659757e-01
7.052770549913556231e-02
6.732574940828352228e-02
2.189130183439663355e-02
1.465098318637297059e-01
4.340299521567921731e-02
1.787926655756835181e-01
1.622176790214737985e-01
1.217619144560481287e-01
7.125692508444403384e-02
3.315403401886014151e-02
1.393914156683734862e-01
-4.939852975544726382e-03
1.148676163750763368e-01
-1.185509451656399996e-02
2.911302632660723866e-01
7.752329648854036637e-02
1.410080910660269360e-01
7.281509484603776450e-02
1.847670844298435477e-01
9.161207847303176610e-02
1.695011848717623837e-01
1.018830184874060241e-01
1.724960839752614772e-01
1.409905570438486737e-02
1.584669456627281758e-01
1.295255310576586549e-01
4.584682537878644742e-02
4.785063137834050240e-02
1.070007515541995108e-01
2.966744998924190635e-01
2.515266909443321097e-01
1.519762425214745971e-01
2.726563300244874144e-01
-6.271426779434759180e-02
1.367354228503933899e-01
1.586520527611745557e-01
2.403193601497668475e-01
2.704724434692414026e-02
9.383714572011370159e-02
2.463636965385582189e-01
2.289203253160925627e-02
2.256012526865142642e-01
-1.512060114195899925e-02
1.042850932905907413e-01
9.441762516313882692e-02
1.279329157949448126e-01
2.809995371695571675e-01
-2.366120333961020325e-02
-2.929384727203803579e-02
1.101938050789801754e-01
1.401203644527777015e-01
2.165997971661445809e-01
1.094512642554009568e-01
4.498980064221690806e-02
1.656050281212763098e-01
2.196894430940760923e-01
6.854322840280327456e-02
2.722609307028788783e-01
1.978074799604483958e-01
-1.407080139086364784e-02
1.188302101464059624e-01
7.067748929131348334e-02
9.870381079153614512e-02
1.939184513051095959e-01
2.718602482598370673e-01
-4.763561221217413669e-03
1.773831501276321998e-01
7.668099865667185600e-02
1.881921076431780082e-01
1.262540908652847460e-01
2.520141706672044957e-01
-2.203040264126093079e-02
6.352377307820847308e-02
1.256950798618379772e-01
4.471472828475577845e-03
1.921850279304688699e-02
1.846618832308043884e-02
5.524285354358947353e-02
5.460656378379365877e-02
-2.276597188696093468e-03
2.493413056408960715e-02
-2.776010629009088501e-02
1.084651793660814378e-01
8.779128256732597613e-02
2.523355476756762306e-01
