9.563691231600165987e-02
1.544423938162994003e-01
4.584215892504025364e-02
5.544924760187051882e-02
1.003381153626998895e-01
1.246119852831684277e-01
6.920610426592058162e-02
1.228461914690033574e-01
6.700647719687523318e-02
1.203316847210119389e-01
8.605782049303915826e-02
3.244949948897764280e-02
4.094980648039444476e-02
1.091441756490084958e-01
1.178367028968364261e-01
1.706000881089482779e-01
7.974194128362202538e-02
5.475348924902102843e-02
1.333844299205446116e-01
7.396294657261905103e-02
1.143218960149574442e-01
1.538758999102382286e-01
1.060760912241049680e-01
9.353193435108519971e-02
5.212701721914442948e-02
1.734394839193255378e-01
2.407327641569273827e-02
7.805714767504591534e-02
3.927761812943029313e-02
1.883172109782109971e-01
2.176229180757139614e-01
1.103394323088581763e-01
8.993983010600539729e-02
1.712776822799880472e-01
7.909804399831971145e-02
1.127555942075359335e-01
7.885173003208781339e-02
1.922164567267661273e-01
6.773369692342612325e-02
1.229658316798733497e-01
9.560356163031183407e-02
3.846939423173759143e-02
7.159090018654332144e-02
1.093005825087311200e-01
2.049436680022427293e-01
2.290750895155781452e-01
1.140917105343226823e-01
2.040235338946256582e-01
1.042384566864854208e-02
1.210244131039264759e-01
7.466962157108029963e-02
1.424815164313150972e-01
5.981238268389376528e-02
1.113532996892944993e-01
1.366016542318722604e-01
5.741462629095090558e-02
1.759152888302558393e-01
1.814379032147298357e-02
1.172529973044372925e-01
1.230744918818520023e-01
1.339780375143966862e-01
1.824046583273876143e-01
4.230844024276608772e-02
2.748577768614981348e-02
1.240811694609058324e-01
1.516611261342258599e-01
1.723087649679602429e-01
7.515586446954117261e-02
9.118887394113088518e-02
1.280403538865935720e-01
1.956169118460301115e-01
9.054024872373593602e-02
1.815453672309347843e-01
1.230574658085919759e-01
3.065017631160351502e-02
1.204936623143166158e-01
1.091272094380042190e-01
7.763252003333902251e-02
1.611740953478511817e-01
2.300155737119728427e-01
4.666491339019571832e-02
9.264393301933143698e-02
4.883453229434362580e-02
1.521705950110161243e-01
5.830639464565579022e-02
2.547315962252644228e-01
2.104589935719159213e-02
1.119559928498641971e-01
1.227088129442742981e-01
4.531210993376056512e-02
5.342791886486882025e-02
8.422569206330202118e-02
6.600058762119173639e-02
8.785710819717902631e-02
5.616086032443059345e-02
4.681136389797344033e-02
2.244909770717910813e-02
1.038542720285140497e-01
1.101694178961791504e-01
2.116109124151812348e-01
