1.229322577867514588e-01
1.712426277040997313e-01
5.436124291434177302e-02
7.002780461155760916e-02
1.133616847124747501e-01
1.222817937091462970e-01
8.567533419497409819e-02
1.362127523213394198e-01
9.304212663999208988e-02
1.395413969631155715e-01
1.093985305680990339e-01
3.560643787369196372e-02
4.951079082554250832e-02
1.437281799073019395e-01
1.659281845387939047e-01
2.124974173736867977e-01
9.604923725263299350e-02
6.083867922066042710e-02
1.734072250218578470e-01
9.731113299373223002e-02
1.490440570590455538e-01
1.767784753739156667e-01
1.461254396342688833e-01
1.059586459179038265e-01
6.462518609126097213e-02
1.865500965251657983e-01
2.899799372648940998e-02
9.153782071999443104e-02
4.873308144456540286e-02
2.030953156299231399e-01
2.922503600881168895e-01
1.351470622859871074e-01
1.028520427421740768e-01
2.274700955669179958e-01
1.495784309166378334e-01
1.585680501186922386e-01
9.391918445616218025e-02
2.097596020128706662e-01
8.347358575772807765e-02
1.499150192573578122e-01
1.162184520795586373e-01
5.294937225682276594e-02
1.000952307145845793e-01
1.155764191605721525e-01
2.329132383673924167e-01
2.493494150653632335e-01
1.441826908725524770e-01
2.499706981795346561e-01
1.352230312672933477e-02
1.468493836538435904e-01
1.005404286470047426e-01
1.972165063354014980e-01
7.583414395091947480e-02
1.345178820381368323e-01
1.875265603562807082e-01
8.649564471385572106e-02
2.497886174561548822e-01
2.497269157877092874e-02
1.590876128198816797e-01
1.387544331453682833e-01
1.398873778500493992e-01
2.185383470569977060e-01
5.076820326936656858e-02
3.050190900212722961e-02
1.420383729116993787e-01
1.904987820685734579e-01
1.876358294651634950e-01
1.029736237046723346e-01
1.078881863440596389e-01
1.404875723881159888e-01
2.237939606478239196e-01
1.074961559691912788e-01
1.997723115151424089e-01
1.257244553241173846e-01
4.822136602379998443e-02
1.439487414946780675e-01
1.314871306959612962e-01
9.092467485504085456e-02
1.904626335755047473e-01
2.696786450354157205e-01
5.506866793918037406e-02
1.037671275330273035e-01
6.967169685663564260e-02
1.888859099714935985e-01
7.637486258684925144e-02
2.705674040370242284e-01
3.017890125756242034e-02
1.418694157329753458e-01
1.427024274844319873e-01
5.074400458973125222e-02
7.143662862019607707e-02
1.011901304744225183e-01
7.616923262694531849e-02
1.011034202425576678e-01
8.827626168930764738e-02
6.356559901196676132e-02
2.717785503645352152e-02
1.419703433443465224e-01
1.221806607999512684e-01
2.399155480187861733e-01
