1.0,1.36231e-06,0.0011125,0.00696922,0.00048325099999999997,0.000101783,0.00018689900000000003,0.00178894,0.0026517,0.000162078
1.36231e-06,1.0,0.0031173000000000004,0.0138621,0.00805136,0.00101105,3.67355e-07,1.97884e-05,0.000510821,0.00231025
0.0011125,0.0031173000000000004,1.0,0.00986024,0.000638674,0.000845771,0.0008298260000000001,0.000322743,0.0009287639999999999,7.06673e-05
0.00696922,0.0138621,0.00986024,1.0,0.0148252,7.038719999999999e-08,0.00139531,0.00506961,0.00355529,0.00244157
0.00048325099999999997,0.00805136,0.000638674,0.0148252,1.0,0.000781775,8.700360000000001e-05,0.00011374100000000001,0.000272947,0.0011731
0.000101783,0.00101105,0.000845771,7.038719999999999e-08,0.000781775,1.0,5.47015e-05,0.00020302400000000003,0.00280656,0.00233162
0.00018689900000000003,3.67355e-07,0.0008298260000000001,0.00139531,8.700360000000001e-05,5.47015e-05,1.0,0.82455,0.00999089,0.000542091
0.00178894,1.97884e-05,0.000322743,0.00506961,0.00011374100000000001,0.00020302400000000003,0.82455,1.0,0.016031200000000002,7.39262e-05
0.0026517,0.000510821,0.0009287639999999999,0.00355529,0.000272947,0.00280656,0.00999089,0.016031200000000002,1.0,0.000824141
0.000162078,0.00231025,7.06673e-05,0.00244157,0.0011731,0.00233162,0.000542091,7.39262e-05,0.000824141,1.0
