1.0,0.00161705,2.23861e-06,0.000536626,0.000769524,0.00205302,0.000406267,0.000516602,0.00821011,0.000209512
0.00161705,1.0,0.00936264,0.013143,0.010672200000000001,0.00938118,0.00114712,5.62524e-05,0.00573597,0.0015871
2.23861e-06,0.00936264,1.0,0.00297385,0.000330777,0.00568174,9.13126e-05,0.00191038,0.000341179,0.00017611900000000003
0.000536626,0.013143,0.00297385,1.0,0.017730900000000004,0.00397879,0.00192259,0.0006715439999999999,0.00209766,0.00518648
0.000769524,0.010672200000000001,0.000330777,0.017730900000000004,1.0,0.009673399999999999,3.50727e-05,0.00056872,0.00017297,4.89892e-06
0.00205302,0.00938118,0.00568174,0.00397879,0.009673399999999999,1.0,0.0035015999999999997,0.00179781,0.000122797,0.000198415
0.000406267,0.00114712,9.13126e-05,0.00192259,3.50727e-05,0.0035015999999999997,1.0,0.000977803,7.75341e-05,0.00076647
0.000516602,5.62524e-05,0.00191038,0.0006715439999999999,0.00056872,0.00179781,0.000977803,1.0,0.019562700000000002,0.00105279
0.00821011,0.00573597,0.000341179,0.00209766,0.00017297,0.000122797,7.75341e-05,0.019562700000000002,1.0,0.00881265
0.000209512,0.0015871,0.00017611900000000003,0.00518648,4.89892e-06,0.000198415,0.00076647,0.00105279,0.00881265,1.0
