10,9,12,8,8,2,4,0,7,4,1,8,8,3,7,4,0,10,1,3,2,2,8,5,6,5,3,1,4,2,2,0,10,0,1,4,0,0,0,5,5,3,9,0,2,13,1,7,2,5,6,4,2,7,9,6,3,1,3,9,0,0,2,1,19,2,8,2,2,6,2,11,0,7,2,1,13,0,4,3,2,2,1,6,0,2,7,2,2,14,0,6,2,12,1,13,8,6,1,1
16,11,24,18,14,7,8,6,10,19,5,10,10,4,14,6,1,11,9,5,16,5,17,10,13,8,5,2,7,6,11,10,17,10,8,8,7,1,20,7,7,6,11,10,4,18,19,11,8,10,12,6,3,12,16,10,10,7,18,11,6,5,7,4,21,13,14,9,8,10,17,15,8,8,8,16,21,4,10,8,5,7,3,7,2,16,10,17,6,16,2,14,3,14,7,30,26,12,9,6
37,15,28,19,17,12,13,14,14,35,23,24,27,15,15,7,25,15,11,7,31,6,22,11,29,18,12,13,8,7,15,13,18,13,9,19,8,7,29,19,8,15,12,11,5,20,23,13,22,27,13,16,9,21,17,20,18,10,29,32,13,7,17,7,22,28,19,28,14,12,20,18,11,13,9,19,24,10,17,18,9,10,20,15,9,18,13,22,12,19,3,19,4,16,8,38,34,19,29,12
38,23,33,23,28,19,23,28,16,36,28,31,29,16,19,9,29,19,12,21,34,8,26,18,33,21,18,26,11,10,22,22,19,17,19,21,14,9,34,20,15,20,19,15,10,33,34,14,26,29,19,19,12,22,30,25,19,15,34,48,14,10,21,11,36,29,22,33,20,15,23,27,21,15,12,24,29,20,18,19,16,17,29,25,12,30,24,47,16,25,7,37,8,19,12,44,35,24,41,17
42,24,46,25,31,27,34,30,20,40,30,35,36,20,24,10,32,21,13,23,41,15,35,22,34,24,26,30,14,11,42,28,30,23,38,25,25,18,35,25,17,21,51,17,19,39,45,27,35,34,31,24,15,23,48,29,21,16,61,51,17,18,23,13,37,40,41,41,25,36,25,42,25,21,19,38,38,21,20,21,19,22,30,28,19,36,28,52,27,26,8,48,11,39,20,48,36,47,46,29
46,27,57,32,37,43,45,35,21,43,43,60,51,40,26,20,36,28,18,29,44,19,47,28,42,34,34,34,18,14,47,30,32,26,41,28,29,21,52,36,22,24,53,19,20,69,56,37,38,48,43,39,16,26,54,37,26,19,64,53,19,23,27,21,53,59,45,43,28,43,30,50,26,26,21,47,42,24,47,30,34,24,39,57,25,37,29,53,29,32,9,56,14,48,48,50,42,51,49,34
64,48,60,36,39,52,49,37,22,44,49,63,55,50,27,21,38,30,19,40,52,20,49,30,43,42,50,42,33,18,51,34,35,34,42,29,31,25,55,44,28,25,63,23,21,71,68,40,57,52,56,44,20,30,56,39,32,20,67,55,21,24,33,22,54,73,52,55,51,47,35,72,27,40,23,55,44,26,51,34,48,25,41,58,27,46,54,63,38,35,10,66,22,63,52,62,43,79,50,44
74,53,70,38,44,63,50,56,31,50,61,80,60,57,29,31,42,35,21,46,58,40,52,34,45,66,58,48,48,19,55,35,36,42,45,32,32,30,56,52,35,33,68,31,23,83,70,55,58,54,59,67,27,43,62,46,40,21,73,58,30,33,44,28,55,97,58,57,53,52,46,78,45,48,49,63,48,45,53,46,50,27,42,80,37,48,69,68,42,41,20,72,23,64,56,66,72,82,53,47
75,58,86,44,45,98,56,58,36,51,64,81,61,70,38,32,45,37,32,54,62,47,54,47,46,67,66,50,50,20,64,38,39,43,50,39,44,42,59,57,53,37,74,39,34,101,75,60,59,58,61,69,34,53,67,53,54,24,75,64,43,44,56,36,57,105,60,68,59,53,50,79,47,49,52,67,50,49,57,48,54,36,51,104,54,63,74,82,49,54,31,80,25,69,74,88,80,95,55,54
82,60,104,46,48,101,62,62,39,59,65,82,68,76,40,41,64,49,35,55,78,48,59,49,48,69,70,52,56,23,67,48,44,44,54,48,55,45,62,61,58,41,79,42,36,109,80,71,63,66,73,71,59,59,72,54,59,30,77,70,45,49,65,65,58,107,63,72,61,58,69,81,52,54,53,83,53,60,62,67,59,37,79,123,55,65,75,91,53,60,44,92,30,73,86,90,81,116,66,66
92,63,115,49,53,104,66,65,64,60,66,83,72,78,42,44,73,51,43,59,79,56,73,51,56,78,79,54,57,28,80,53,48,48,60,50,58,48,64,72,65,44,96,60,45,112,88,73,95,67,77,76,64,64,78,57,61,41,80,71,60,56,85,79,61,109,67,83,63,61,73,82,58,55,59,84,57,63,65,75,64,38,80,141,65,67,77,93,76,70,46,114,31,76,103,106,83,123,75,85
99,75,124,79,63,105,69,68,66,65,69,88,81,83,46,70,91,60,48,63,83,57,80,53,59,84,86,61,79,35,85,60,49,54,63,57,76,53,78,74,73,46,97,72,47,113,89,75,98,70,79,77,73,78,79,74,68,43,88,72,65,79,87,81,63,110,89,100,68,74,84,107,59,56,66,87,63,67,92,82,76,48,84,150,71,78,79,97,80,90,47,119,42,80,117,110,84,126,84,86
108,77,129,86,64,106,76,71,70,74,76,92,85,86,50,71,98,67,49,67,86,66,92,56,60,96,87,63,87,48,99,74,54,57,69,60,82,54,80,83,74,51,99,78,58,120,93,78,103,78,82,89,76,88,95,84,73,44,93,79,68,83,93,84,79,125,92,126,77,75,89,112,80,64,69,97,69,68,96,98,79,54,86,152,99,84,88,118,97,96,50,127,44,81,122,111,97,133,87,90
114,109,130,91,65,108,83,76,72,77,83,99,87,87,52,72,108,72,50,80,102,67,98,62,64,113,88,66,92,51,104,79,57,61,74,62,88,61,106,86,75,53,108,84,65,121,100,84,107,82,86,103,80,91,98,86,92,47,100,84,100,88,107,95,81,129,97,129,86,89,95,114,82,68,70,104,78,74,97,126,84,62,88,162,113,98,107,130,100,99,53,137,49,88,127,120,101,135,89,92
117,110,143,101,68,111,89,79,73,90,100,114,96,98,73,73,111,74,53,86,106,82,104,63,70,118,90,67,95,63,105,85,66,70,89,68,98,62,118,92,78,68,111,92,70,128,106,91,112,95,88,105,83,98,113,89,94,52,106,85,103,112,110,98,87,131,99,134,88,104,103,120,91,79,71,108,79,80,101,127,90,81,99,166,115,102,110,134,105,101,60,143,50,91,133,124,110,137,91,97
119,114,145,104,69,121,90,87,76,91,106,123,97,102,85,76,119,80,65,90,117,85,105,98,74,119,95,86,105,73,110,86,68,83,91,69,119,65,125,98,89,85,141,94,72,131,108,95,115,100,91,122,86,99,116,106,99,59,114,88,114,115,119,101,93,144,110,136,98,111,105,128,93,82,75,131,84,93,116,132,104,83,110,171,124,111,115,136,106,111,68,150,59,99,149,130,115,149,98,110
128,115,146,106,70,122,95,94,95,98,111,127,110,107,88,77,123,82,67,101,122,100,114,103,79,120,111,87,122,74,114,88,79,86,98,70,120,66,133,102,100,100,145,98,78,133,109,108,125,101,92,125,114,120,119,110,110,65,121,90,115,119,127,108,96,156,111,138,108,112,111,139,105,96,76,135,91,101,123,139,106,111,113,177,128,117,119,141,115,112,70,166,60,101,154,135,118,150,101,117
134,118,151,108,89,141,98,96,104,99,119,137,112,111,90,82,127,90,71,106,127,108,116,113,88,126,112,88,128,78,116,100,88,97,114,71,125,72,134,104,109,112,155,106,85,134,113,110,128,107,97,127,118,122,122,115,118,67,126,92,144,122,128,126,98,160,112,146,113,113,114,143,106,105,82,140,99,106,132,146,112,117,121,182,134,118,120,145,128,116,71,182,62,105,158,147,122,151,102,127
139,123,154,111,92,142,103,102,115,100,121,145,114,112,107,84,131,91,73,113,137,112,117,120,94,133,120,99,136,81,117,102,92,100,123,76,127,73,136,109,116,114,160,111,88,138,119,114,134,115,102,132,125,127,126,122,126,77,129,100,151,139,132,154,108,165,121,153,125,117,122,144,113,118,90,143,103,129,140,152,115,118,122,196,136,127,121,150,129,122,72,196,75,117,162,151,133,155,107,129
140,127,158,118,94,145,105,118,120,104,123,146,118,113,108,86,134,95,74,114,142,118,123,122,99,143,122,114,137,86,135,105,94,103,125,77,129,75,138,121,119,119,168,118,89,142,120,127,135,120,109,135,127,154,127,124,127,90,131,103,152,146,137,156,109,174,126,159,129,121,124,145,115,124,92,144,112,146,154,159,126,132,125,199,139,141,127,152,133,129,82,200,79,123,163,154,138,160,108,130
169,128,167,131,109,153,108,122,123,112,125,161,148,119,110,101,135,97,78,120,144,119,131,147,102,150,136,134,153,97,145,106,114,105,130,86,130,76,142,126,122,131,174,139,96,143,125,135,149,152,133,141,149,161,129,136,128,92,153,116,155,152,138,169,110,178,127,168,176,125,130,147,120,135,93,152,114,147,157,165,139,138,138,202,147,143,129,156,137,135,86,204,80,132,175,169,142,161,109,135
184,129,181,135,125,161,110,132,128,115,131,169,159,130,118,105,149,108,86,123,152,128,135,150,103,163,138,146,158,106,146,109,126,114,133,89,133,77,154,127,126,143,182,148,107,146,129,146,154,158,140,142,153,169,153,139,129,102,157,123,162,176,139,174,120,187,142,170,183,130,139,160,124,143,121,153,115,148,187,166,145,139,140,203,148,144,137,159,140,141,89,206,89,143,177,170,143,164,121,138
190,132,191,136,132,164,112,159,137,121,134,177,164,136,121,107,152,111,87,131,153,133,136,152,119,164,141,150,163,110,155,115,133,119,134,93,141,81,161,129,134,145,189,152,108,148,137,163,160,160,141,155,161,181,155,145,149,115,162,129,172,181,143,180,123,192,144,188,195,131,140,165,134,144,124,173,119,157,199,174,150,151,142,216,154,145,154,160,146,143,102,212,102,146,183,177,149,165,131,142
205,135,195,143,133,166,123,160,140,122,155,187,166,142,147,109,161,116,89,145,161,138,138,155,120,174,145,153,173,119,165,116,144,123,135,97,143,85,169,137,152,149,190,165,117,151,145,166,173,173,159,164,181,182,166,159,178,128,164,138,173,183,146,181,129,195,150,191,200,139,144,171,135,146,140,179,122,170,202,177,151,154,143,217,159,149,157,162,164,154,107,213,110,151,189,180,150,170,137,154
206,149,214,147,134,167,138,161,160,124,162,188,176,145,155,114,164,120,92,149,169,151,156,157,124,176,165,154,187,135,171,131,154,125,140,115,154,86,181,139,157,162,208,168,124,161,151,177,194,174,165,170,191,183,171,171,186,139,168,150,184,186,152,194,144,196,158,199,202,143,160,172,146,147,141,182,135,175,204,195,155,156,152,221,166,154,163,163,178,160,115,215,118,154,201,182,153,172,144,155
207,153,219,152,136,168,139,162,177,128,174,212,190,148,158,123,165,122,96,151,173,157,163,161,127,178,178,170,203,137,179,134,164,127,141,122,183,113,195,143,158,164,211,171,132,165,160,188,216,184,173,172,198,186,174,178,190,146,189,153,196,187,164,199,149,203,180,201,206,145,166,179,147,158,143,184,145,178,205,197,168,159,154,226,174,161,167,167,180,167,120,218,132,157,224,194,173,174,165,161
210,159,227,159,143,169,140,164,178,140,182,222,193,153,174,136,174,126,98,153,178,166,167,162,131,180,182,174,214,142,191,157,171,132,161,137,185,137,201,147,162,167,225,174,134,171,161,189,222,201,177,173,202,190,177,184,194,154,199,154,206,188,170,206,150,206,183,207,207,155,174,183,148,175,149,193,170,195,209,198,170,168,170,227,177,162,169,199,200,173,124,222,152,163,235,207,178,176,169,169
216,181,233,160,156,186,141,190,181,143,199,235,194,154,178,137,178,129,103,173,184,197,168,177,145,183,195,184,217,151,197,163,178,134,167,149,194,142,202,153,173,173,236,185,146,186,168,190,224,204,179,180,205,191,178,187,197,171,203,159,212,193,173,209,152,207,187,215,213,156,191,184,153,179,151,194,176,198,215,212,171,170,172,230,181,173,172,201,207,175,131,231,162,166,236,210,195,195,178,181
217,182,236,161,159,193,167,198,183,150,204,237,195,157,190,139,182,144,109,177,198,208,174,178,168,185,204,188,225,156,204,164,179,144,168,155,196,147,208,163,186,178,237,188,151,188,169,191,226,205,184,190,208,200,185,196,214,186,207,165,223,198,177,213,153,219,193,222,231,162,201,186,154,188,154,200,186,209,222,227,174,171,175,237,205,186,173,204,209,182,138,233,168,177,239,217,200,205,182,189
220,208,238,165,167,200,168,199,198,151,209,238,198,165,192,141,183,148,112,182,199,215,190,179,181,187,205,189,240,159,206,166,180,145,186,169,201,162,210,165,188,189,240,189,163,203,175,195,240,208,191,196,212,201,190,199,217,196,210,167,231,199,179,236,155,225,194,232,239,165,202,189,158,209,161,213,199,223,233,229,178,197,180,249,213,187,176,208,210,192,146,235,171,185,242,218,229,215,189,196
222,223,240,180,169,207,179,201,203,162,210,241,221,166,193,142,185,164,114,187,206,223,201,184,191,190,208,190,243,164,214,167,188,148,199,181,204,165,223,166,191,195,249,191,167,204,180,196,242,244,193,208,240,204,192,209,218,198,214,170,233,202,181,240,183,228,203,233,242,171,218,190,180,217,163,216,202,234,235,230,181,198,191,256,218,194,177,211,212,200,158,236,185,199,250,220,232,222,192,198
228,227,253,183,177,217,180,209,206,170,214,247,229,183,200,148,190,168,134,203,225,229,202,186,208,195,209,191,244,177,215,175,200,153,202,185,205,177,224,173,193,197,250,222,183,207,183,198,246,247,198,215,241,205,194,217,220,217,220,174,254,206,185,242,203,236,219,239,260,185,221,195,185,220,166,218,210,238,241,235,189,200,213,290,233,217,181,218,223,208,164,237,190,202,251,225,235,233,195,200
230,234,255,187,182,218,181,211,208,178,216,253,232,193,204,158,206,186,136,209,229,240,225,195,212,196,215,194,246,182,216,178,201,167,222,190,207,184,232,175,199,207,252,223,184,212,205,218,252,279,199,217,249,210,199,218,239,220,232,177,256,210,186,254,210,239,220,242,261,186,223,201,186,223,199,224,214,242,247,240,198,204,215,293,238,219,183,220,224,212,171,246,192,212,254,228,236,241,197,203
238,243,258,189,183,222,189,221,227,184,234,269,237,194,211,173,210,190,138,222,238,249,232,196,216,211,226,202,251,185,230,182,205,176,223,195,208,192,241,195,207,209,254,227,194,216,212,220,255,284,207,227,263,211,206,227,253,231,248,183,269,213,191,263,213,240,221,263,273,192,226,202,200,232,208,227,221,263,263,241,207,212,219,294,248,220,185,230,225,217,176,261,197,213,261,229,240,244,198,206
254,247,265,212,191,223,210,226,243,185,242,275,239,201,212,179,232,196,144,228,241,250,234,209,217,215,234,203,252,192,236,187,221,182,239,196,209,208,246,209,210,219,255,236,195,218,217,225,259,287,212,234,275,213,214,235,258,234,250,198,271,222,206,269,214,247,233,264,274,194,228,211,204,235,238,239,224,264,269,242,224,213,222,300,257,224,189,234,226,228,184,264,201,223,263,240,245,245,199,207
268,254,270,214,194,227,214,233,249,202,253,276,254,209,220,182,233,201,145,229,250,252,241,226,234,216,239,226,266,194,246,202,223,187,241,199,237,213,254,220,212,233,263,237,208,221,229,231,265,292,216,236,278,214,232,240,264,255,273,207,274,224,212,270,218,250,238,271,278,202,235,213,213,236,245,245,240,272,270,247,225,215,234,301,266,234,198,235,231,233,204,271,208,226,266,262,253,247,202,210
283,260,271,217,196,240,227,235,262,209,257,289,260,212,223,190,235,223,149,232,256,257,243,230,235,229,250,229,267,197,248,207,229,199,255,205,240,215,257,228,215,241,272,240,210,223,235,234,266,294,229,237,298,219,235,246,272,260,281,208,280,235,221,277,219,260,244,274,280,203,239,237,217,242,256,255,241,273,273,249,234,217,241,303,278,247,207,245,240,244,207,277,214,238,272,263,268,254,210,211
290,266,276,221,204,253,231,240,273,226,268,292,285,215,230,199,237,230,153,234,262,261,251,238,238,231,252,249,278,213,254,209,239,206,260,206,245,219,260,229,226,248,284,241,253,246,246,244,270,300,230,241,318,223,246,263,279,283,291,222,281,237,227,281,227,263,247,279,288,211,243,239,219,243,262,260,243,279,278,258,244,222,242,304,280,253,211,259,243,249,219,283,229,247,275,282,282,257,218,227
299,270,284,224,225,265,249,248,277,254,270,293,290,217,232,209,247,243,155,235,269,263,257,243,247,233,253,251,289,230,257,229,244,222,265,220,250,229,263,236,227,253,292,243,261,249,253,252,274,305,232,256,342,226,250,270,280,303,303,226,288,251,229,290,230,270,270,281,293,215,244,242,227,246,264,270,244,293,284,275,246,266,256,308,284,261,213,266,248,252,235,288,237,254,280,286,286,260,223,228
307,274,298,235,229,266,263,253,283,256,271,297,297,226,236,215,253,255,170,243,274,266,267,245,263,238,254,258,293,233,258,230,245,238,279,221,255,239,265,240,229,261,300,264,266,252,259,261,294,310,235,258,343,237,251,272,290,304,307,228,300,254,230,293,231,274,273,290,299,216,251,245,228,249,284,280,254,298,286,277,252,267,258,310,286,270,223,268,251,254,240,289,246,256,281,288,293,264,229,231
311,276,299,237,231,272,271,259,285,257,277,311,309,230,238,231,255,261,178,244,282,269,277,248,277,243,258,261,304,235,272,232,249,245,284,224,256,246,271,253,243,263,305,269,276,262,262,283,307,315,239,260,350,239,260,278,293,320,312,242,301,259,235,294,239,283,284,295,303,221,253,254,245,259,294,284,260,307,291,280,254,273,262,316,307,271,243,272,254,259,252,290,250,263,285,290,297,265,244,236
326,282,300,251,235,276,274,267,291,261,279,313,320,233,240,232,257,264,182,247,283,270,279,254,278,262,259,278,309,237,278,233,258,255,289,226,266,279,272,281,256,265,315,277,280,270,274,291,311,321,255,290,358,251,267,279,300,321,322,247,305,261,236,296,249,290,294,306,304,228,260,255,247,260,306,292,261,317,293,297,256,284,265,321,312,274,248,273,268,261,253,316,254,274,293,292,298,269,249,250
329,286,310,252,244,277,280,268,294,269,280,318,324,236,242,236,259,266,190,251,289,272,292,268,306,268,261,282,311,242,279,237,261,269,290,234,269,283,274,288,260,266,320,280,294,272,275,294,312,329,260,301,369,258,268,281,305,323,325,248,307,262,247,298,253,291,298,311,307,236,265,260,257,263,319,293,267,326,298,306,259,287,271,335,313,280,253,277,275,264,257,319,276,275,298,295,301,271,252,261
334,297,311,283,246,282,285,278,304,280,299,320,329,243,249,237,270,267,193,254,291,277,303,277,307,269,266,289,317,243,280,238,275,286,295,235,271,285,284,293,261,276,326,286,300,288,281,302,313,331,286,303,371,282,272,292,306,327,326,263,314,278,273,299,254,293,299,316,313,251,268,266,261,266,322,316,277,331,310,328,264,331,278,349,319,283,258,283,278,269,262,320,281,289,303,299,302,272,260,264
336,313,314,293,250,283,310,281,306,293,300,323,331,246,260,268,271,270,194,268,304,287,310,280,321,274,279,298,321,252,290,239,279,290,299,265,278,286,290,307,262,284,328,308,301,290,295,313,314,333,287,321,373,285,282,302,312,330,342,272,317,303,279,319,256,296,303,317,317,252,269,286,284,288,334,319,278,335,318,334,267,335,281,367,323,284,263,290,287,270,268,329,296,303,304,305,307,279,271,269
345,316,319,296,262,287,314,295,312,307,342,324,339,249,261,280,272,283,232,279,310,290,312,287,327,275,286,299,326,254,305,240,301,295,303,266,279,291,294,316,264,286,330,323,305,294,297,320,326,335,289,322,397,289,288,308,313,332,344,282,320,306,285,332,260,300,312,318,323,257,271,287,285,300,340,322,279,338,321,336,291,340,286,368,330,287,264,293,288,271,270,337,304,306,310,323,317,281,274,271
352,322,330,307,269,294,317,299,330,321,347,326,349,250,266,286,282,294,234,283,312,293,324,294,329,278,289,311,333,257,311,248,303,302,317,268,288,302,300,320,270,289,335,335,308,305,306,337,330,355,303,325,401,296,316,315,315,345,356,289,323,317,287,338,267,302,317,332,324,265,273,290,292,303,353,324,293,342,323,337,296,347,289,375,332,293,274,295,292,275,277,339,306,311,317,331,324,301,278,276
356,323,333,308,272,303,320,300,335,331,349,328,352,254,272,292,283,298,241,294,315,294,335,298,330,281,297,315,337,264,315,250,321,306,318,274,290,311,304,321,284,291,344,348,324,307,310,339,340,380,323,342,402,300,318,316,317,352,359,298,336,319,309,341,277,307,321,333,332,267,274,292,298,327,359,329,305,344,324,338,301,348,290,385,358,294,275,299,306,282,285,346,322,319,330,333,329,302,280,284
357,325,350,309,274,304,326,303,337,334,350,330,364,266,277,300,292,303,252,325,317,298,336,311,336,282,306,321,346,275,316,252,323,314,320,278,300,353,307,331,289,292,349,354,329,317,316,344,350,390,324,359,408,308,319,319,318,353,367,304,338,320,320,345,280,308,337,348,333,273,281,301,300,350,366,335,308,349,342,343,326,350,294,388,361,297,288,308,307,283,289,350,348,321,335,335,331,305,302,285
363,343,357,321,283,310,327,323,343,339,353,332,372,271,281,302,293,309,256,339,319,339,338,313,341,291,320,324,357,287,335,255,325,315,330,286,301,367,308,340,291,295,359,357,330,319,318,348,359,392,333,370,409,309,335,327,328,359,368,313,343,322,331,354,292,311,344,350,354,303,288,312,328,361,369,337,324,352,348,349,331,363,309,400,362,302,289,310,315,285,290,359,350,326,342,337,372,307,307,291
364,349,377,322,288,314,341,331,347,342,369,335,378,275,291,304,294,314,264,341,320,348,346,320,347,292,322,327,368,290,339,262,336,321,340,290,305,370,314,357,295,319,374,364,331,320,326,349,366,404,334,372,410,311,346,340,340,365,370,323,344,326,334,356,296,315,362,358,361,309,296,328,337,364,370,339,331,356,354,371,333,367,315,401,377,304,290,313,318,300,294,370,357,343,351,352,376,314,312,295
373,350,382,328,295,317,360,332,353,350,391,349,388,282,297,305,300,328,269,350,326,349,347,321,349,300,327,329,381,292,341,285,342,323,347,295,312,382,319,366,302,343,381,377,336,321,332,350,368,412,336,373,413,318,351,368,342,378,373,326,345,330,335,375,297,323,367,365,366,313,297,342,342,368,381,346,339,381,355,373,335,371,322,402,378,314,296,325,325,303,302,390,367,344,355,356,378,326,319,302
374,351,386,332,318,320,364,336,355,351,393,358,389,288,308,332,312,331,272,351,334,359,356,323,352,306,341,347,385,310,346,295,349,331,348,304,323,383,322,381,315,353,392,385,350,330,333,362,432,426,337,374,424,321,364,369,346,399,376,331,355,336,347,377,302,341,371,376,371,324,299,353,346,372,382,349,342,382,359,381,345,375,333,405,399,334,298,328,331,308,307,392,368,345,356,359,379,333,322,309
389,357,398,333,333,325,368,340,359,353,399,365,390,302,312,339,319,332,273,356,339,360,360,330,382,321,355,349,389,311,356,296,350,332,349,338,324,387,327,382,319,355,394,404,354,349,335,386,446,427,353,379,426,345,381,379,349,400,388,336,369,344,350,378,308,353,375,377,372,340,328,355,354,373,384,350,347,383,365,382,346,379,338,407,402,337,307,330,350,309,308,395,371,350,366,368,385,336,343,334
406,366,400,345,349,326,369,341,362,358,400,390,395,318,317,348,324,341,280,360,340,376,371,334,391,325,356,356,391,320,361,305,357,346,351,340,328,392,333,386,324,368,411,408,355,355,341,388,448,433,358,380,428,346,396,384,364,402,402,343,379,345,368,381,314,355,386,389,378,341,331,356,357,383,385,355,349,386,366,400,348,382,343,413,405,354,315,331,354,324,310,396,383,351,367,372,387,346,345,342
443,372,407,366,356,333,370,357,367,363,401,391,397,321,319,349,326,343,281,362,357,382,373,343,392,328,359,360,423,324,362,319,363,352,353,353,343,420,336,398,333,389,412,409,356,357,342,393,458,437,367,382,432,352,414,390,369,404,412,349,382,346,371,383,320,360,406,395,384,348,358,359,361,398,386,371,353,387,384,404,350,386,351,415,414,365,326,341,355,326,320,397,384,355,368,388,404,349,366,346
450,377,419,372,364,347,374,371,370,371,409,401,406,322,329,353,332,345,289,372,364,385,375,347,397,329,360,362,429,331,367,334,365,355,354,356,348,423,338,404,338,390,418,412,358,360,348,409,461,441,370,395,437,365,424,392,378,406,428,359,383,348,372,384,335,368,413,397,386,352,374,361,367,401,390,374,356,388,386,411,359,404,352,421,428,368,332,344,374,348,348,398,388,358,369,389,428,351,380,348
455,380,429,384,368,352,378,374,402,375,413,411,413,329,334,358,334,351,293,379,369,386,380,349,399,341,384,382,443,340,388,353,370,360,358,372,361,424,339,422,344,401,428,413,359,364,354,410,469,444,376,397,450,368,429,395,380,411,429,363,385,363,373,391,343,372,417,401,388,353,378,362,369,418,399,393,366,400,388,415,363,405,358,429,429,371,338,352,385,373,349,408,392,362,373,401,431,363,388,353
460,388,434,387,373,355,382,382,413,376,420,424,416,358,336,367,361,369,299,399,374,390,382,368,400,354,387,393,451,348,394,359,371,362,362,378,365,431,347,436,354,407,431,418,373,369,358,415,472,448,378,401,468,369,434,413,385,420,434,364,387,376,374,394,346,385,421,402,407,355,397,371,375,422,406,397,387,417,396,417,366,406,367,440,432,374,344,359,402,376,353,414,396,394,375,419,434,367,398,365
478,390,435,396,388,357,387,385,414,396,422,433,418,360,345,371,362,372,308,404,380,391,418,379,401,357,392,394,454,350,398,366,372,368,368,382,375,435,365,437,371,419,432,421,375,378,368,417,473,451,383,408,475,372,453,415,387,429,453,367,389,377,385,397,368,389,427,408,416,361,404,381,381,423,409,407,391,420,399,429,368,429,380,446,440,375,345,362,404,377,358,430,400,396,381,425,440,373,402,390
484,391,436,397,392,374,393,389,417,404,426,434,433,370,347,382,371,374,313,413,387,395,422,380,402,373,396,401,455,355,401,383,386,382,386,397,377,439,367,439,372,428,434,440,378,383,369,424,489,455,388,410,484,374,458,423,420,431,469,369,405,379,386,398,381,393,442,410,420,367,410,386,393,429,415,408,398,425,410,435,370,430,385,458,441,389,353,379,406,395,360,442,404,403,399,426,444,379,414,400
486,395,439,407,397,375,404,395,423,406,461,445,443,371,360,390,372,387,314,419,410,402,432,382,411,381,398,403,456,357,406,384,393,408,405,399,379,445,369,440,380,435,435,441,382,387,373,425,491,457,389,413,489,384,460,435,422,446,470,371,411,381,387,404,382,397,452,423,421,384,414,389,395,432,420,409,400,431,411,436,374,431,391,461,457,390,356,381,414,396,370,447,405,410,409,428,448,382,423,401
488,396,450,412,400,385,409,399,431,408,463,451,444,387,361,394,388,392,317,427,411,414,440,388,423,395,399,412,458,358,408,391,407,417,408,402,383,450,375,453,390,438,436,450,390,396,388,427,494,459,390,427,491,388,461,449,430,449,479,376,413,385,388,405,397,401,461,437,449,388,423,396,396,460,429,413,401,432,441,465,380,434,394,464,461,393,357,395,429,400,373,450,419,422,417,429,453,388,428,404
494,397,456,413,403,394,438,402,433,420,464,480,450,390,365,396,392,397,318,431,413,417,450,395,425,402,403,413,462,359,411,407,413,420,412,404,384,452,380,467,393,446,440,451,392,397,393,430,496,465,391,428,494,401,464,452,440,450,490,377,438,392,395,409,398,403,465,441,454,391,429,431,397,463,430,416,404,443,442,467,382,443,409,469,464,398,359,397,443,406,379,462,428,426,420,437,477,399,438,408
502,403,458,417,406,398,442,404,436,421,473,486,454,397,372,406,407,400,325,435,417,430,458,400,439,416,413,415,464,366,414,410,414,434,413,407,385,453,388,470,394,448,441,453,398,406,401,434,497,470,424,429,500,411,466,453,441,453,494,379,441,397,398,418,399,409,466,454,463,398,434,440,416,470,431,420,413,444,452,469,391,447,410,471,468,406,365,400,444,409,397,464,447,433,426,446,483,412,452,415
504,409,459,423,408,402,453,411,460,430,481,487,455,401,383,416,411,407,329,438,419,445,459,402,459,417,414,426,467,369,421,412,416,435,417,414,397,456,389,473,396,450,448,455,400,426,404,440,498,473,435,444,501,420,468,455,443,459,498,380,446,401,402,420,404,412,469,459,464,399,437,441,417,471,436,425,417,451,469,474,393,458,420,472,473,413,371,408,451,411,416,469,455,439,427,448,485,414,455,422
510,411,462,426,411,418,455,419,464,437,498,489,458,407,384,417,412,411,333,439,437,465,464,407,461,426,415,437,472,378,428,418,417,438,421,421,400,470,442,478,405,454,459,468,405,427,406,443,505,474,447,446,511,431,476,457,446,475,505,381,450,406,404,425,409,426,473,461,470,407,439,450,422,477,445,435,418,457,475,478,406,461,429,474,476,415,390,414,456,413,429,470,464,448,447,452,486,415,456,433
515,417,465,430,412,421,465,437,467,439,501,494,460,424,387,434,420,428,337,455,438,468,471,420,462,437,416,465,473,391,429,423,433,444,444,431,407,476,443,491,412,462,463,477,407,439,430,447,506,476,448,459,528,434,478,461,447,476,507,389,456,411,405,428,433,431,474,467,478,408,447,451,428,482,446,443,419,459,480,482,411,462,448,475,497,416,393,415,460,441,434,471,475,451,450,459,487,426,473,439
516,422,470,446,420,428,471,438,472,440,503,498,462,430,410,463,428,434,348,461,443,471,472,426,479,438,421,468,474,414,445,426,440,446,456,433,408,479,445,499,425,463,472,483,414,440,438,451,516,480,450,477,530,459,488,475,449,477,510,390,473,415,418,431,449,482,477,473,490,411,453,456,429,499,447,456,429,477,483,485,413,463,452,476,513,417,394,416,481,466,435,478,478,460,454,467,494,429,477,447
520,423,475,454,421,437,486,440,476,448,509,506,479,432,428,471,436,448,356,465,445,474,473,437,481,440,423,471,475,416,446,430,445,453,475,438,412,494,447,500,427,481,477,492,424,442,451,452,519,494,468,478,531,460,491,476,453,483,514,400,474,423,437,433,455,483,478,476,492,414,455,462,436,501,448,461,430,481,489,492,423,467,454,477,517,419,403,426,489,477,439,483,480,464,460,468,504,448,482,450
522,451,477,471,432,449,498,443,483,452,510,511,487,436,443,472,448,470,357,467,446,476,474,439,484,444,424,476,476,427,450,437,456,455,477,443,422,500,455,504,444,483,487,497,426,462,455,454,529,499,474,490,532,467,501,482,462,491,515,401,475,428,442,446,458,486,484,482,496,421,469,467,437,503,449,463,434,490,492,494,437,470,458,480,523,426,430,430,491,481,441,484,481,465,464,473,508,451,490,451
524,455,478,475,438,451,500,471,486,454,511,518,492,437,458,476,455,471,360,468,452,478,477,441,486,446,435,478,483,428,457,439,462,461,484,458,425,501,468,507,445,493,493,499,429,475,457,467,532,508,475,498,537,471,503,484,472,494,533,409,477,443,444,452,460,493,489,494,511,424,479,470,443,505,465,480,437,494,493,497,438,472,468,484,536,434,432,434,492,491,442,489,489,468,466,484,527,457,494,452
527,466,479,478,460,456,508,474,489,456,515,528,496,438,463,481,459,491,367,475,456,482,496,449,495,449,454,490,491,437,461,449,473,466,487,465,434,508,470,518,449,496,501,502,442,489,469,476,539,510,483,507,538,473,507,487,473,499,539,410,479,448,446,469,462,500,506,504,513,425,483,474,447,508,474,482,439,498,496,511,441,476,469,486,546,452,436,443,496,493,452,500,502,477,473,486,533,459,497,454
528,484,485,490,469,471,513,475,507,461,519,535,497,449,485,483,460,498,378,483,471,494,502,453,511,460,459,500,513,442,469,450,480,468,488,468,441,512,477,530,451,507,503,504,448,490,479,491,548,515,490,514,539,476,515,495,485,501,541,426,490,453,452,485,467,501,517,512,514,431,484,475,455,527,483,486,445,503,501,514,449,478,472,490,550,453,438,491,502,498,456,501,504,484,477,498,537,469,510,464
530,487,488,499,470,476,517,488,508,466,522,537,498,450,489,489,464,501,382,497,486,499,512,455,512,472,461,505,516,443,472,461,484,471,496,488,442,519,478,531,453,511,505,505,461,494,488,497,550,517,491,515,540,477,523,508,489,502,548,445,493,460,459,486,472,502,529,517,526,440,492,483,456,529,495,487,452,515,516,516,473,479,480,492,555,470,441,493,514,503,460,508,505,490,481,510,539,474,513,481
533,488,490,505,472,480,525,493,515,471,525,539,501,479,491,500,472,505,383,498,491,514,514,470,513,480,465,507,518,457,476,466,505,487,502,499,444,523,487,536,454,512,514,516,462,498,495,502,554,520,505,519,542,478,525,510,493,506,559,447,501,469,461,490,475,506,532,518,527,441,499,485,457,531,503,488,459,521,517,529,476,480,488,503,562,471,459,497,521,506,461,509,508,491,485,526,549,475,517,490
545,492,491,506,474,483,526,504,520,485,531,545,503,487,494,512,478,509,390,501,499,519,518,481,516,503,473,514,523,465,490,472,512,488,503,503,446,538,499,539,459,518,538,518,471,510,500,511,558,529,506,526,556,488,535,511,497,509,562,449,505,482,466,509,480,518,545,526,528,444,510,487,472,532,509,490,486,537,535,541,490,484,496,506,566,493,460,514,527,507,465,521,510,498,497,530,550,481,520,491
551,493,501,509,484,505,527,508,522,489,537,549,513,491,501,526,510,510,401,504,504,523,521,496,518,516,475,530,525,467,493,482,517,498,505,508,455,542,506,541,463,526,543,521,477,525,518,524,560,541,507,529,569,494,538,533,498,519,565,465,510,491,479,519,481,526,566,532,534,445,524,497,476,534,518,491,501,540,544,545,492,492,499,511,574,494,464,518,533,508,473,522,512,502,499,533,551,483,532,516
554,505,506,511,492,512,536,523,525,494,538,551,517,496,531,530,512,515,402,514,509,531,523,497,527,517,479,538,534,476,494,489,518,499,516,510,476,550,511,544,474,527,555,536,492,526,519,528,572,553,509,530,572,496,540,540,511,526,566,468,511,507,489,520,482,527,572,533,538,447,528,499,480,538,519,499,504,559,562,554,493,493,503,522,576,510,465,531,538,517,478,539,513,506,506,534,552,499,533,519
559,518,508,527,496,528,537,526,526,498,541,556,518,511,536,536,518,530,405,515,522,533,535,503,531,524,480,560,535,485,498,494,519,501,517,521,485,559,520,548,478,535,556,541,513,532,522,537,576,563,517,544,574,506,553,541,518,534,577,475,514,508,492,527,488,540,575,538,548,448,542,524,489,542,528,502,506,560,565,557,508,500,516,563,579,513,469,538,543,520,481,550,515,507,508,539,553,500,534,538
562,522,509,530,506,531,552,532,533,513,548,560,521,513,537,537,537,547,409,520,527,540,545,518,542,527,488,563,550,519,504,517,521,514,518,532,493,566,521,552,489,542,567,544,540,534,527,538,581,570,520,545,588,509,554,543,520,541,578,492,521,513,497,537,498,543,580,550,552,449,546,540,490,555,534,508,510,567,572,559,509,512,517,565,584,517,476,543,545,534,483,557,518,508,512,545,557,505,539,540
578,527,513,536,507,537,555,537,536,515,553,563,544,517,541,547,547,550,421,528,531,544,546,521,549,534,504,569,552,524,509,524,524,523,521,537,501,571,546,553,490,549,572,545,545,537,532,542,588,574,523,548,590,517,561,563,529,560,580,502,526,521,504,541,504,544,583,553,557,451,558,542,491,566,535,527,511,572,587,566,512,553,519,570,593,523,484,544,552,535,498,559,521,512,518,550,558,512,544,542
579,529,527,538,511,541,559,539,538,523,564,572,550,521,563,555,560,555,424,538,533,545,563,527,554,540,514,573,564,544,528,528,526,529,524,539,504,580,563,563,500,555,574,550,552,546,533,548,591,575,533,549,591,518,564,572,533,574,583,514,527,528,518,542,507,553,584,557,563,468,565,547,498,578,544,531,512,577,591,569,525,566,524,584,594,529,489,549,561,536,510,560,523,516,537,553,562,519,563,551
580,532,528,540,513,544,562,551,541,531,568,573,557,525,570,557,566,560,426,540,540,555,566,533,563,543,534,575,577,549,537,530,529,532,528,540,509,583,570,564,509,557,583,554,554,548,555,549,600,579,537,551,596,524,571,576,545,580,588,522,529,542,545,560,514,558,585,572,578,469,572,580,508,584,550,539,513,583,613,585,528,572,527,585,596,539,494,550,563,538,531,568,531,520,541,558,563,527,570,571
582,537,536,550,518,552,569,571,558,534,572,574,565,527,580,560,571,563,449,544,548,561,576,541,572,551,550,581,578,557,554,542,533,547,535,543,511,585,572,566,515,564,584,556,556,555,557,550,602,581,544,560,605,538,580,578,550,582,591,524,530,544,546,564,515,563,586,574,582,472,576,582,525,590,559,546,523,591,615,590,533,584,545,589,600,546,495,561,576,541,533,577,539,527,544,560,571,528,572,575
585,545,550,579,522,555,574,580,562,543,573,577,566,553,582,561,580,566,461,563,552,562,587,543,574,556,551,589,582,562,557,560,535,561,536,557,522,586,573,574,516,568,591,562,562,578,558,551,606,590,546,573,609,542,590,580,552,590,593,525,532,549,554,587,516,571,590,581,584,479,577,584,533,592,564,547,524,592,616,594,536,585,586,591,601,547,497,564,579,542,544,581,561,534,550,566,576,540,576,588
591,547,558,602,524,582,578,585,577,545,576,582,581,555,583,568,583,584,474,569,561,564,588,553,595,559,565,590,584,563,585,562,544,565,559,560,535,587,582,593,524,576,594,564,574,593,565,558,607,592,548,576,610,544,592,583,556,598,599,527,574,568,558,589,523,574,598,585,586,490,584,587,552,594,566,553,526,596,621,603,538,604,588,592,605,557,501,568,582,544,545,582,589,544,552,571,589,542,581,594
600,558,563,603,528,592,589,590,578,546,577,585,583,560,587,569,588,587,477,572,586,569,591,557,598,561,572,595,589,566,592,585,554,566,563,563,548,588,584,594,540,580,595,571,585,596,579,563,617,593,554,577,613,552,594,592,565,604,601,528,594,594,562,594,536,583,599,587,587,499,588,589,557,596,571,557,527,597,625,605,541,607,590,603,609,563,546,569,588,547,550,593,592,545,567,579,590,544,583,596
603,560,575,607,529,595,595,594,579,581,578,587,588,574,590,572,590,604,485,573,588,574,592,559,600,570,592,598,594,568,601,586,558,585,564,571,549,589,586,601,545,602,598,577,587,597,581,565,618,598,560,581,620,561,595,593,572,618,603,532,600,595,581,601,542,592,607,588,589,527,600,591,559,606,578,560,529,598,626,617,543,609,591,607,612,569,566,571,596,548,561,600,593,579,568,585,597,554,587,602
604,574,583,612,533,611,599,599,586,584,584,588,598,608,601,587,593,607,510,576,594,577,604,572,608,575,593,607,596,592,603,596,572,589,569,580,566,591,587,612,548,613,599,581,600,603,596,568,622,611,590,585,621,566,598,595,589,619,605,544,603,599,582,609,575,594,614,595,593,534,608,600,577,613,589,567,534,609,628,631,545,610,599,608,619,586,575,574,611,566,577,602,601,594,571,591,598,558,603,609
610,580,586,613,534,615,608,600,594,586,591,599,600,611,602,591,595,617,525,592,602,581,605,576,609,579,603,614,597,596,607,606,577,590,574,587,572,599,594,615,550,614,621,587,613,607,606,570,626,629,595,593,622,583,600,596,596,623,609,546,607,600,586,615,580,614,615,604,595,559,619,601,594,620,596,573,543,612,635,632,548,613,600,610,620,592,578,579,613,571,581,611,605,595,576,592,600,561,604,621
613,590,591,633,548,618,621,601,595,596,596,602,604,613,607,601,623,621,540,597,605,593,607,579,624,586,607,615,598,599,612,608,587,605,590,605,574,607,599,621,555,616,624,588,615,608,614,574,630,631,604,594,626,595,605,607,608,627,615,555,609,601,590,619,587,622,623,607,598,563,631,607,604,625,599,578,559,619,637,633,553,614,601,615,624,594,582,588,616,585,593,612,608,597,582,594,604,565,608,626
626,596,594,644,555,619,626,627,597,605,598,604,611,614,619,611,624,626,557,608,606,596,617,586,625,590,618,623,607,613,618,609,595,609,607,609,596,617,600,622,567,619,628,606,618,611,617,576,637,634,610,596,630,601,606,610,617,631,618,590,623,604,591,620,594,633,628,616,612,589,636,612,609,631,613,585,570,622,640,642,568,618,607,620,629,604,593,589,630,608,596,616,614,605,583,600,613,595,613,627
628,599,602,648,562,630,628,639,599,611,603,608,619,627,622,619,632,634,591,610,610,619,619,587,634,610,626,628,608,618,627,614,607,618,609,613,605,630,611,629,586,621,635,612,622,612,622,586,640,636,614,599,634,610,608,613,621,634,622,592,628,612,594,627,611,637,630,622,613,592,637,613,618,636,618,591,574,632,641,650,578,620,619,621,639,609,597,597,642,617,609,621,623,610,585,604,614,605,627,633
631,602,618,651,566,631,629,641,602,612,614,618,622,629,623,621,637,641,592,615,615,632,625,588,637,623,630,629,617,629,631,619,608,620,613,615,620,637,612,630,596,622,642,626,631,625,623,590,642,645,615,618,636,616,611,618,622,637,623,593,630,624,601,629,621,638,634,627,621,605,638,622,628,643,621,595,588,633,643,651,597,629,623,637,640,611,598,614,646,631,619,634,626,611,594,615,632,613,632,634
639,603,622,653,579,633,630,643,614,614,631,624,633,630,630,626,644,645,610,624,632,639,637,592,639,640,633,630,628,644,633,624,626,622,622,620,629,640,620,632,603,624,646,630,636,631,625,594,645,646,624,623,637,628,631,635,625,638,633,624,635,638,602,632,624,643,644,638,625,613,639,624,641,645,631,599,608,641,645,653,600,630,625,639,641,617,610,624,650,636,637,642,636,620,598,631,639,626,634,635
643,618,640,654,584,638,632,644,616,616,636,627,637,635,631,633,646,648,620,627,633,641,639,602,640,648,634,636,630,649,634,626,628,631,634,629,630,648,638,643,605,627,650,639,644,636,627,601,648,654,637,629,641,629,633,638,638,648,635,633,636,639,619,636,628,647,651,644,632,614,644,628,642,648,637,603,627,644,652,656,609,634,628,640,643,627,616,629,655,637,639,645,641,628,626,637,641,627,642,649
646,636,646,656,600,641,634,649,618,625,646,633,639,644,639,642,650,650,624,628,640,647,641,618,648,655,635,637,634,653,651,638,631,636,642,636,654,653,648,652,612,643,654,648,647,640,635,616,650,655,645,637,643,633,641,641,642,649,651,634,640,648,625,646,638,651,652,645,638,625,646,642,643,656,639,625,631,653,654,657,632,642,640,642,652,632,623,638,656,638,647,648,644,640,630,638,644,640,647,651
654,638,651,657,628,644,645,650,638,644,653,641,650,648,652,654,651,657,653,630,645,650,655,647,655,659,636,638,643,657,652,647,637,638,644,638,657,656,650,656,635,651,656,654,658,648,644,642,654,657,654,650,644,641,656,647,645,655,655,635,647,651,634,652,654,656,654,655,646,644,648,651,645,657,655,627,633,658,655,658,633,650,650,653,656,638,634,650,657,639,651,651,656,643,657,641,645,658,651,652
655,641,653,660,637,650,658,659,644,647,657,645,659,650,654,660,654,659,660,651,659,657,658,650,658,660,659,644,647,660,660,650,650,650,660,658,659,658,659,657,643,657,658,659,660,660,646,653,657,660,660,656,650,656,659,649,660,658,659,641,659,655,657,659,660,660,657,659,653,659,649,657,660,658,657,633,645,659,660,659,655,656,657,654,658,642,656,658,659,643,660,656,659,652,659,660,655,660,655,654
