462,1371,103,1631,410,716,299,831,154,704,548,289,593,591,223,26,399,1027,19,448,254,110,2700,441,822,193,379,956,982,1148,974,71,52,417,283,577,534,637,517,3480,208,1640,265,2197,392,862,135,322,32,486,118,1631,116,45,1616,187,153,345,295,277,383,1368,244,217,261,129,1570,1853,689,350,583,190,459,411,552,512,455,1001,178,1286,356,3447,92,110,1141,185,297,506,120,1387,1283,235,354,178,13,380,323,582,137,110
579,1545,1490,2353,856,1811,1173,1538,885,1016,1579,1969,1814,815,740,995,2243,1331,329,1215,286,805,2805,740,1897,2184,1710,1054,1695,1739,2075,204,1989,1490,783,1543,1579,943,669,3573,287,2185,711,3279,451,1145,638,1075,1721,502,423,1905,2205,221,1860,427,263,353,499,3001,1008,1717,999,1221,1418,174,1830,3058,2139,540,1034,531,527,1588,1015,642,1161,1048,1566,1446,1639,3735,328,1108,1535,1449,1924,1056,487,2246,2116,624,619,669,120,570,1271,2260,568,403
664,1727,1858,2558,1086,2095,2036,1695,1257,1671,1728,2064,2983,1450,1160,1088,2494,2035,1613,1267,594,2098,3734,854,2306,2745,1982,1760,2628,1818,2233,434,2432,1752,784,2367,1972,2420,1255,4291,1182,2437,819,3664,885,1342,730,1248,1811,632,2028,2604,2963,409,1930,1417,1254,1025,895,3442,1190,1750,1195,1446,1573,376,2972,3443,3623,1272,2394,1969,1019,1977,1281,1035,1766,1136,1738,2977,1847,4499,1601,1329,2836,2816,2031,1548,1559,2380,2185,1581,1548,1982,337,951,2644,2297,874,1503
1234,3229,2051,3454,1298,4123,2360,2218,1290,2289,2756,2490,3497,1768,4485,1720,2650,2300,2056,1985,1433,2678,4505,858,2687,2971,2418,1910,3559,1962,4154,611,2622,2747,1069,2540,2368,2482,2408,4441,1471,2997,1987,3896,1013,1592,1782,1458,1864,2661,3334,2647,4271,758,3019,2012,2075,1068,3437,3613,2219,2934,1342,1765,1774,595,3198,3719,3948,1955,2460,2014,1879,2378,2046,1617,2381,1590,2598,3269,2181,4618,2785,1410,2888,3184,2197,1900,1985,3406,3961,2791,2147,2808,1061,1517,2704,2595,2379,1533
2327,4431,2912,3656,2598,4380,2404,2566,1769,4309,2759,3141,4491,1773,4497,3139,3133,4924,2579,2681,1785,3298,4599,1903,3934,3137,3098,2708,3628,2231,5018,614,2701,3284,1185,2731,3187,2761,2435,5001,1851,3083,2036,4144,2903,2118,1853,1534,3066,3217,3847,3204,4652,775,3614,3196,2150,2531,4119,4047,2271,3002,2227,2622,2283,1593,3202,4773,4002,2211,4278,2410,2207,2444,2502,2475,3814,1722,2611,3407,2943,5396,4000,2030,3256,3494,2248,2604,2022,3407,4065,3387,2162,3024,1880,1589,2810,3273,2463,3091
2790,4845,3381,4769,2857,4888,4098,3622,1827,4431,3936,3438,4523,3752,4506,4970,3448,5492,3824,2711,2128,3592,4885,2047,4412,3457,3209,3453,4344,2511,5413,1323,3485,4333,2344,2743,4198,3262,2969,5552,1885,3633,3791,4259,3388,2458,2474,2047,3090,3373,3983,3587,5247,2227,3820,4513,3709,3347,4389,4115,2547,3214,2658,3353,2670,1753,3843,4981,4870,2708,4314,4311,3406,3659,2577,3170,3968,2857,2970,3997,3088,5492,4103,3909,4522,3504,4574,3207,2112,3902,4981,4180,2935,3195,3674,1627,2855,3294,2525,3289
3532,5507,4083,5670,3497,5580,4587,4222,3145,4659,5593,5113,6169,4188,4946,5537,4266,6027,4181,3063,4253,5254,5849,2285,4990,4731,4212,4492,5024,2722,5534,1332,3650,4956,4371,3408,4661,3365,4352,5755,1970,4147,4938,4294,4103,2603,3434,2203,3214,4927,5564,4468,5253,2910,4141,4776,3841,3348,4837,5596,2943,4704,3785,4235,4154,3868,3933,5006,4924,2900,4808,5254,3426,4221,3781,3419,3982,3631,3157,4186,3560,5794,4459,4843,5637,3757,4839,3296,3515,4150,5167,4555,3774,4629,3812,1987,2926,4779,3198,3875
4234,6360,4799,5738,4083,6293,5066,4303,4320,4835,6065,5585,6211,5333,5089,5897,6018,6329,4686,3765,4769,5521,5907,3266,5333,5981,4251,4546,5573,2866,5584,2285,3844,5473,4705,3646,4958,3462,5609,5806,1987,4164,5018,5364,4881,3652,3799,5195,4338,5324,5597,4703,5428,5461,4893,5473,4578,4751,5675,6206,5338,4907,4036,5130,4359,4424,4005,5243,4935,4899,4969,5896,4055,4947,4558,3859,6046,3926,3819,4911,4987,5807,4821,5803,5682,5105,5385,3321,3681,4533,5220,4846,4255,6022,4586,2561,3432,5650,3483,4928
4312,6600,5276,5983,5088,6395,5824,4942,5449,6274,6340,5924,6313,5347,6220,6172,6099,6401,6070,4014,5090,5950,6004,5367,5417,6065,4973,4867,5715,3014,6195,3468,4086,5496,6410,4327,5108,4359,5840,6236,3447,4422,5397,5385,5550,5228,5582,5738,5362,5847,5635,4833,5786,6415,5386,5562,5330,5918,5874,6247,5521,4931,5714,5893,4837,5402,4033,5315,5371,5062,5109,6047,4763,5231,5445,5215,6213,3981,5558,5176,5257,6187,5690,5959,5990,5301,5548,3946,4400,4687,5249,5076,4402,6230,5284,3918,3477,5898,4002,6025
4971,6686,5326,6112,6020,6462,6407,6336,5774,6448,6499,6083,6399,6140,6403,6386,6672,6507,6470,6473,6417,6179,6147,6619,6051,6423,5392,5614,6184,3985,6202,6063,6044,6660,6485,5999,6321,5780,6399,6434,3898,6070,6687,6591,6677,6374,5836,6627,5452,6148,6093,4834,5896,6607,6437,6253,5537,5950,6388,6327,6372,5316,6072,6399,5110,6670,4849,5583,5771,5580,5334,6436,6050,5953,5488,6115,6661,6376,5668,5187,5708,6292,6359,6504,6380,5426,5896,4482,5762,4815,6404,6477,4503,6603,6639,6276,3672,6305,5116,6526
