-1.636734635930078285e+00,-6.001822952187552129e-01
1.004084997736712559e+00,-9.408882492808266773e-02
2.854216278507175630e-01,-7.244534482373968243e-02
-1.191027357834877787e+00,-9.869228932344473182e-02
-2.061646302662220265e+00,-1.011600387520414035e+00
-1.873855881243099430e-01,-4.944056852828722648e-01
4.260941012105823322e-01,-1.913344980541176632e+00
-1.848108458331311210e+00,2.353542207162775957e-01
2.133708052536001265e+00,1.860205110542145213e-01
-1.208107706142581783e+00,7.574964613731965946e-01
2.223158766083849214e-01,-6.868431737001687298e-02
1.257346174949447004e+00,1.903287379152235781e+00
1.595403466534698889e-01,-1.185948319026578934e+00
-5.819641207425370055e-01,-7.449975023109287608e-01
1.881700329453416809e-01,1.090456177772406221e+00
-1.280933641205040052e+00,4.357096191752753422e-01
-1.492935527963656694e+00,1.098537398705486057e+00
1.919336168000453258e+00,2.819283559371169035e-01
7.360711902267697004e-01,6.894848877978995150e-01
2.096551391885311810e-01,4.872728836455836876e-01
2.204219985253365710e+00,-7.904597475967012343e-01
3.722403242696595282e-01,-2.674629847846279884e-01
-3.895360034326378895e-01,1.717195446342531517e-01
-1.252724365808974172e+00,-9.312474513985800062e-01
6.330323277798440840e-01,-2.805456867871979343e-01
-2.857980899484175996e-01,-1.002011937790982188e+00
2.588926189408129463e-01,3.477333951668489798e-01
1.855725026208009165e+00,1.053948247964883400e+00
3.100692980005846366e-01,1.498933646412957899e+00
-3.698801082770159510e-01,-7.150787993454384983e-01
-3.696478253811320558e-01,-9.090048144403020114e-01
-8.270300259012899335e-01,-1.463245235236333208e+00
-9.615023580304481454e-01,7.607641980533336179e-02
1.348271221080742654e-01,7.978087807055773695e-01
-4.160699292970965538e-03,-1.493069162684236506e+00
4.798650301733945467e-01,-8.261041775202347948e-01
9.134569539053994935e-01,-2.353234851255006532e+00
-2.146043024837203550e+00,-2.063279881643585778e+00
2.030185132320359020e+00,-8.183754586881816229e-01
-2.414553961399772408e+00,1.202066178046377720e+00
-6.383227156396874546e-01,-1.013705331872342352e+00
-5.638872664365310872e-01,5.621718371028691097e-01
-1.095277414858337517e+00,7.144032347521986903e-01
2.004994390994013109e+00,-3.834925640459196372e-01
-7.421324835001368303e-01,1.394456138594375672e+00
9.849821793128727965e-01,1.163588666168385632e+00
-5.825317338192088634e-01,5.453404921788613802e-01
3.121437857669825400e-01,1.814924301949240260e+00
-4.973016063069503612e-01,-5.114712854978314960e-01
7.935528608356676727e-01,1.502878144031599694e-01
8.719786651615636375e-01,-4.225901093923563057e-01
-1.686528907945990197e+00,-9.889802649692643888e-01
-1.042543789545174793e+00,-6.816367590926974973e-01
-2.560822663335844407e-01,2.008800976974579322e-01
1.267584280012356457e+00,-2.421994226683223117e-02
-2.289744528034275139e-01,-3.445175469004233548e-01
-4.334468012938494375e-01,9.171179140467559110e-01
-1.729011360100337846e+00,-1.233305208576740419e+00
-3.847324707115072715e-03,-7.245187416268464298e-02
-1.997440608835564790e-01,1.691044856076216463e-01
9.186691318398840789e-01,6.583995796347686946e-01
9.545628012931220985e-01,1.044372971994471211e+00
9.579933930623503180e-01,-9.358877007858902308e-01
1.221603538968201869e-01,4.944269925646168073e-01
6.005213626182237530e-01,-6.610735917753705060e-01
-1.132681190568270990e+00,-6.304175750556947344e-01
-2.378669014512893934e-02,-1.124735171662788469e+00
-9.752353761052836578e-01,1.079991097476935558e+00
7.286166235087516707e-01,3.999470742868515005e-01
1.046858937611746310e+00,-1.228749795610657898e-02
1.315270921844728491e+00,-1.154077918689372151e+00
3.379712648026414468e-01,1.881087440807519107e+00
-2.028190038911795057e+00,-7.223164437658493586e-01
1.496191006455835637e-01,2.137709311830346959e+00
1.098659395448740916e+00,1.036380835160629760e-01
-9.794660187916132132e-01,2.177281074323647037e-01
2.063454819984881006e+00,-6.362741013344030971e-01
-8.262214038282268691e-02,4.461675672548812144e-01
8.765657264259040238e-01,6.870863344083468771e-01
8.094175949113920909e-01,-9.981174532043985970e-01
1.237091765506014962e+00,1.020172651670365527e+00
-8.784116891179311049e-02,-1.418975541353981296e+00
-2.413967971636042376e-01,-9.514911345683977340e-01
6.509889490124678435e-01,-2.170466432757059139e-01
6.713035546205308179e-01,-1.360001324232529285e+00
-4.277144689705193459e-01,8.154673564797553231e-01
-1.083515073775903392e+00,-1.441177839288836360e-01
1.020635855823261329e+00,5.214691506026946088e-01
9.618078163568896111e-01,2.665482884118235835e-02
-3.821303066352168543e-01,-9.104875561505263448e-01
7.201344669914403473e-01,3.166130788247784045e-01
-1.200721327011508022e+00,-2.749481466595926626e-01
1.215121501628660505e+00,1.065909310564712720e-01
7.941467404611068925e-01,4.989127874356930059e-01
4.242611321073706809e-02,3.241536435324977039e-01
-3.531851347737182678e-01,-1.117896341871567500e+00
-8.346821096736144474e-01,-1.628750722831934228e+00
-1.240767875271064691e+00,1.071605801847097972e+00
1.004163133553462872e+00,-1.279429551484962069e+00
1.068090203217280931e-01,-5.893907770166596505e-01
2.579432130946279322e+00,-3.777059665893691132e-01
-9.399049073598002568e-01,9.362424482507483159e-01
-3.024699603588727470e-01,-3.334199639058867404e-01
-1.392676291446993675e+00,-4.932123066139519896e-01
-2.079851633003079389e-02,4.966907261618603853e-01
1.228912772056726110e+00,1.511466608275219059e+00
9.838889763640654706e-01,-1.109554961189877620e+00
-1.099701540639778985e+00,1.067032092937885812e+00
-7.563705942747548372e-01,-1.441150943897355319e+00
-1.011724663498474869e-01,6.877226436791858966e-01
4.881914912471871371e-01,8.614025944223739906e-01
-1.536721030605328053e+00,3.187906706590432626e-01
5.991163930662385395e-01,8.367348599682006283e-01
-6.743914953666960699e-01,-7.244266024976849794e-01
-1.159718860616424596e+00,-2.529647657282494855e+00
-2.091906154009868235e+00,1.342696216589635005e+00
5.954120183668087929e-01,4.958672831979014095e-01
1.297060398333681253e+00,-6.173896700465814069e-01
1.410668880057995622e+00,2.504215514749770666e+00
4.496165238312133799e-02,8.119882347582143556e-01
1.430152375357841121e+00,1.864825254913099917e+00
-4.022804768909458983e-02,-6.566433449138707745e-01
5.392806637392724700e-02,9.090489001748316422e-01
-2.905958475470261093e-01,-1.994007900222205976e+00
-9.260605692783712151e-01,-4.219922335882559938e-01
1.010779868482540450e-01,6.327732660611200544e-01
-1.812236137161766791e+00,8.050305915329808437e-01
8.987208185537604033e-01,-7.977933527291514171e-01
1.032916038597427644e+00,-1.725682196705729865e+00
-7.769405200953497515e-01,1.181005749954193718e+00
3.221656704246136926e-02,-4.244759574593474638e-01
-3.832902297443464557e-01,2.501225211492385192e+00
-3.446639236148903163e-02,1.104269201964967057e-01
1.144869489334668922e+00,-2.500923219431574682e-02
2.285283097547890774e-01,8.445805621246720296e-01
3.218191050656742380e-01,-2.604979922468332987e+00
-5.945998817921737123e-01,-6.924820953676991131e-01
7.957519410655790326e-02,1.361087117771256683e+00
-3.114071017646947159e-01,-2.768276071742080680e-01
6.995354376268776431e-01,-5.950528235461982618e-01
8.325205728731519539e-01,1.263312656004064172e+00
-1.988398218059128864e+00,9.749862753373288449e-01
-8.961198624545543834e-02,1.064164556543556017e+00
-1.122604461075106114e-01,2.279388808383841225e-01
1.033286805602842140e+00,1.183561508281455732e-01
-3.427931081143760772e-01,-1.684013714709311493e-01
1.954369916614586256e+00,-5.839270629549697667e-01
8.272473834478751842e-01,-6.856019849981037639e-01
-2.076157280072283562e-01,-1.463670862350608282e+00
-4.361405312032111126e-01,3.616217586633963532e-01
1.331651477484542490e+00,8.464670495768311653e-01
-9.405748210771360807e-01,3.675796418696077872e-01
-1.535737482033776802e+00,-4.334870757647648620e-01
5.813988993551616469e-01,7.074120454539591929e-01
-1.648141130865003801e+00,-1.590135325859165505e+00
-1.525332272857717608e-01,1.147502448109129825e+00
-6.756577876843172792e-01,1.492783857409650361e+00
-2.162044954401343144e+00,-5.679971633331514225e-01
9.761924972380567889e-01,7.871882687034527093e-01
-7.309484190737981502e-01,1.409246969439328367e-01
5.580875229458727438e-02,-8.959508827347623106e-01
-4.753679002166931178e-01,-5.713284720807348255e-02
-1.537194423127283618e-02,1.121805048774058067e+00
-9.197444734284522250e-01,-1.450871356746979757e+00
6.384172458445669385e-01,-1.072697762310523273e-01
-1.582611339231265069e+00,1.094286125321646486e+00
6.279493321598893230e-02,-1.796522494226408861e+00
6.843876255202651082e-01,1.443590855602631784e+00
5.477167710621285712e-01,7.069694431097529597e-01
7.178404780694720433e-01,1.256099107500780798e+00
-7.401023978479337462e-01,-1.096550801152071486e+00
6.671577022610331031e-01,3.860653843467499735e-01
-2.959534953144457581e-01,2.484874268323103777e-02
5.823800484940918620e-01,-8.138998984891258059e-01
1.734223325842688457e+00,1.928535365873997875e+00
-1.681109425866320894e-01,6.907643361199994336e-01
-8.298523915912697779e-01,1.246367823130589914e+00
7.179090454838700230e-01,-2.047084151894224824e-01
-1.496529699312835193e+00,3.110124540793530734e-01
3.669398014628529325e-01,-9.489899917540879359e-01
-2.100261044981298397e+00,-1.008137327565782559e+00
-4.164167529325142336e-01,-3.346636907130857708e-01
-2.064900635767643322e-01,1.855001676855395354e-01
-8.429640401234878011e-02,-7.367454044146415360e-01
-1.484963326627280589e+00,-5.560200748578596475e-01
6.811827077497949190e-02,4.461963319706343523e-01
-1.235103977174297096e+00,-2.184422124643267349e+00
-4.781260932702371957e-01,5.355190687641879776e-01
1.391980816011880506e+00,5.365388036827133389e-01
-9.049533230066021394e-01,-1.549562946934140983e-01
1.172930758148270414e+00,-1.399307976347243798e-01
2.363490529265221518e+00,-1.560205617445039827e+00
3.934635432830062007e-01,3.104347933343934995e-01
1.736103929722708106e+00,-7.473116907360030647e-02
-1.562203269888015278e+00,4.861614290306997543e-01
9.207895980750543385e-01,-1.231277720268562970e+00
-1.410637492465623311e+00,-3.815328279027394021e-01
-7.083086673873585370e-01,-3.725561370263089089e-02
2.196600487701220183e-01,9.475415669241455952e-01
6.034943089839696073e-01,-5.758041296071784165e-01
1.169450374496128875e+00,-1.007591372881437630e+00
3.656327802824659301e-01,-9.609718316077013878e-01
3.212686458369020115e-01,5.572504371602463591e-01
-8.450014680065107697e-01,1.805459899276854463e-01
-5.393086342125816834e-01,4.815058505565523173e-01
-3.917023023141938953e-01,1.300990836578467657e-03
-7.016404870486718792e-01,-1.351796458394072031e+00
-6.045114657261655422e-01,6.390718496484530942e-01
-8.091169228604794261e-01,1.336287106397803515e-01
-1.067357454744187750e+00,-4.174299871163110465e-02
5.709592715292641785e-01,3.526057857822502695e-01
3.162320449143827816e-01,-1.567170107987007066e+00
-1.537517423991879573e-01,-6.761579848450157693e-01
-1.890599927984815409e-01,1.018424098840257530e+00
2.105940015909927965e+00,-6.578093236227344764e-01
1.297430635065778937e+00,-9.588963540221769888e-01
-3.157521760546383449e-01,4.411714872645857710e-01
-1.360072552639496779e+00,-8.925171660332017476e-01
-1.754934559042628794e-01,1.645954443690697655e+00
4.937490409822105630e-01,3.245615595785275254e+00
8.098060531696088526e-01,-2.228981014314749487e+00
7.378473926176323250e-01,6.280975316332870761e-01
1.244178162534302468e+00,-2.205874335883385440e-01
4.037354105762738787e-02,2.959148533485785326e-01
1.290931122798645081e+00,1.977888140784443416e-01
4.675225227536790595e-01,1.023616994013230475e+00
1.299227253700581342e+00,-3.513522422704172810e-01
2.612498316042364266e-01,-2.107629424368397952e-01
-2.808577586815142468e-01,-8.967642859852710258e-01
1.009512818388683675e+00,2.305967200802530870e-01
2.406466360344303168e-01,-2.037606688163444146e-01
1.861306281376584049e-01,-1.499778481777032102e-01
-2.194467428507052287e-01,-9.033604805951005456e-01
-1.503110343569607821e+00,-1.032152586776450720e+00
4.613084694496402127e-01,6.808881421656401423e-02
-1.523736694942605663e+00,1.179122371472481223e+00
-4.832494579197100792e-01,-1.095417824033283694e+00
-3.236730083982948258e-01,1.120364075276107707e+00
-1.716971561298070048e+00,1.489829854936598232e-02
9.717404133681966094e-01,2.475605354176383610e+00
1.500092328118652230e+00,5.199307926986709849e-02
8.142140953695867212e-02,-1.335860209088721051e+00
-1.258342387081099467e+00,-6.414483108802633282e-01
-7.033141212075696425e-01,5.947662249124677780e-01
-1.002083080499321932e+00,1.258591015490349019e-01
2.839006360284109798e-01,-6.613833440143618292e-01
-1.075032182359412086e-01,-4.750571001071849375e-01
8.636059132356315171e-01,8.751161746500267791e-01
-2.753640958316584328e-02,7.188467137938551188e-01
-5.660531181238330767e-01,1.464362152303343434e+00
4.088531030973887592e-01,-2.931333275449908848e-01
4.578262848645629490e-01,1.793279492437772182e+00
9.434837259004548171e-01,5.205614381898844290e-01
-5.924937833156318501e-01,1.153984100376471922e+00
-1.114049067806048843e+00,-1.801806149675570790e-01
1.556792905992365750e+00,-6.415631574476557963e-01
1.766683564061414524e-01,1.795454475559674079e-01
2.076194010814834900e+00,1.943653365696252078e-01
1.443616620977085763e+00,6.257318829421980588e-01
-2.533654687047227072e-01,-7.259444554594776666e-02
3.349427802745396643e-01,1.053597722201901732e+00
-1.206168509483090290e+00,1.262496248541038479e+00
5.478185918308141611e-01,1.040517655578252931e+00
4.259409140057542342e-01,2.813835450925026294e+00
1.177647749539992433e-01,-1.173417053509367314e+00
1.339325875722415571e+00,1.423341843750807856e+00
1.846433254284891856e-01,4.303104674272764107e-01
1.061802829157693306e+00,2.053737999909034162e+00
6.479501955457277473e-01,-3.325896807697877322e-01
-9.002877034097767073e-02,-2.618943770022182371e-01
-5.289637614495000806e-01,6.541813697426509533e-01
8.380840548293597703e-01,-5.337082427558168529e-01
-9.224589527723039417e-01,1.426594406272161830e+00
1.174449865435259061e-01,-1.662052215065722649e+00
6.268703032982825274e-01,6.655594611776154412e-01
7.733132510461221409e-01,-3.015397166574345506e-02
8.526856447257444849e-01,8.730065624299699900e-01
-8.966227967252851094e-01,-7.142879862103572730e-01
-1.683224956072079670e-01,-5.947647295900251319e-01
-4.053877384688093222e-01,-1.976307771036995287e-01
4.581410556004555934e-02,1.910812923613502134e-01
-1.782201024416783242e-01,-7.231385904378495599e-01
2.319821757561935094e-01,-5.381878634911620995e-01
1.250694788268529312e+00,5.049981920155207638e-01
-2.951999001420010371e-01,-2.573773421142500961e+00
-2.693962354458926400e-01,2.730267507389221304e-01
-5.013664540947714299e-01,1.949433762002597437e+00
-4.741343292821684763e-01,-8.068781620093800067e-01
-4.439904819213081333e-01,-6.654691864861421724e-01
9.087052750527162548e-01,2.909086488856887920e-01
7.319865860908697508e-01,4.640114452541162504e-01
1.369827243976794895e+00,3.381583617501405792e-01
1.050774757902634693e-01,7.238080276832533633e-01
5.065960820938167908e-01,4.981605237547760967e-01
8.100521721623192839e-01,5.738905796727674646e-01
4.102187349373590530e-01,1.379440104747677198e+00
1.940358445579266400e+00,1.375168753020961088e+00
4.005377976837361520e-01,-2.011797444046419692e+00
-1.382194286559880192e+00,2.841155264915189993e-01
5.959555601001654823e-01,2.186448562448441102e+00
-5.696720984432513957e-01,-6.670588001998650762e-01
2.253755679915015742e-01,-6.232441327224128580e-01
7.770989781776238559e-01,9.420001348625265392e-01
-7.136117846231176953e-01,-1.309722333260651794e+00
-6.468568184716365355e-02,-1.298698866307102406e+00
-1.078083729679679692e+00,-4.205999656401065989e-01
-3.300341419796852527e-02,-1.720096151525343453e+00
-1.826583886282560742e+00,-1.428405798406214844e+00
1.352758029349798496e+00,6.041789417372782633e-01
-1.791643337214253506e+00,-2.900142264767467282e+00
3.456247680571990499e-01,7.971263999193209937e-01
-1.262528596096406552e+00,2.410974279340225013e-02
-2.983807883174041109e-01,-6.767941185750443456e-01
-2.101021349843617436e+00,-1.678613527320905963e+00
-4.755918920054235111e-01,6.393787818676365253e-01
-2.262018650311183390e-02,7.752890022750067445e-01
1.600747998721806731e+00,-2.597662732711303324e+00
1.272628377817106138e+00,-5.242570993471452612e-01
7.908420075750507428e-01,-7.420849663994428802e-01
7.905345747770216036e-01,-8.134145138589840007e-01
7.191610305945372872e-01,1.170378384790561999e+00
1.122780848634154782e-01,2.309976948401232910e+00
-1.260714253129603613e+00,7.608398041974409609e-02
-7.702065952377487590e-02,-1.285885355462010216e+00
1.210200337993172282e+00,7.451137555702473936e-01
-7.992400071859482313e-01,1.024725519366512128e+00
1.292726360266731822e+00,-7.567489227239057037e-01
-1.496455547367214201e-01,8.354221852793927150e-01
-5.927015415622017835e-01,8.451055537623929081e-02
1.619028167522026163e+00,5.203078494246194952e-01
-1.144222105390501065e+00,3.534159990629657799e-01
1.698713054507741793e+00,1.334483930115595296e+00
2.217183595734137647e-01,8.707495885912687195e-01
-1.845494372830334129e+00,4.624589301796953045e-01
-3.145775297083284183e-01,3.154475270322842362e-01
1.178606631965651186e+00,5.706599713114115513e-01
1.664490143603191585e+00,3.988380837549871383e-01
-1.300837068966645083e+00,5.901604348506159781e-01
5.515755956042397434e-01,9.857511274799555245e-01
3.604307154163792493e-02,-7.632978609232923262e-01
4.438869028595038846e-01,-1.536930570884363911e+00
-2.049817394056298037e-01,-1.614070245688308258e+00
1.487571877998567604e+00,3.011037043211646780e-01
-6.161507281394579261e-01,-9.577413688783209533e-01
6.899011169752332640e-01,-5.415389922943166789e-01
-5.943950601716284643e-01,-7.940971370900780091e-01
-1.462810666682464733e+00,-2.731201335362760108e-01
6.484139341884496976e-02,-5.428229838687043118e-01
-2.471247176220412012e+00,-4.503932146140518511e-01
-5.045643242759018793e-02,1.674455054944962162e+00
-2.323214129641082870e+00,1.041950197584045501e+00
5.778398410131417862e-01,1.039456328343349334e+00
-1.475228376794714968e-01,-1.065831779425726156e+00
7.154142285273125124e-01,-1.506261684875390250e+00
9.488499622946052758e-01,8.710235519381634983e-01
-1.897662381561398756e-02,5.031542604188452561e-01
-1.627670219044617728e+00,-2.385160269657284893e-01
-6.353410029297571482e-01,1.369029544199501292e+00
2.531648277620449639e-01,-1.913414918665522213e-01
-5.259834554847273580e-01,-2.202373346255576403e-01
-1.196979848473068264e+00,7.007535520538187013e-02
9.082963767996782289e-01,2.583783360760917858e-01
-3.503067113417376977e+00,1.171475635899831502e+00
9.067989048534876861e-01,-1.368925270404331984e+00
6.471161912466485977e-02,8.816492283149189868e-01
-9.950138728502286867e-01,-2.788021655788819331e-01
3.429597946454943092e-01,-3.616272097775513061e-01
1.151949910928948384e+00,-4.401369597043413573e-01
7.819896650217283973e-01,1.487635866107855087e-01
-2.043656094949268365e+00,1.875772590811398410e-01
1.140848984638905605e+00,2.921141355271559270e-01
-5.280435144703468087e-01,-1.897464421223103326e+00
1.176545806678378936e+00,1.026639307383237165e+00
1.579121523321422305e-01,1.546221893473699982e+00
-1.694374229735426507e+00,-6.937876771322935010e-01
-1.331811110929292274e+00,2.277278110709857542e-02
2.740714539021369966e-01,-1.133180683823309387e+00
-9.078269142871316921e-01,1.233276500661621700e-01
-1.847042996278575600e-01,1.891766238355341301e+00
3.099667823103885445e-01,9.244387770273851945e-01
3.512059566056717763e-01,-7.039686220813831108e-01
-2.553563082182674360e-01,-9.205048243829634658e-02
-1.968439397619572429e-01,-5.933058032049168262e-02
-6.807150358966175263e-01,5.400459603213753068e-01
6.929086309634981122e-02,3.892967037112080586e-01
-1.207942420556262553e+00,-2.849870906328674236e-01
1.451221625645485180e-01,-1.427900837698473646e-01
3.954201837041351197e-01,1.580107674122496419e+00
-5.190685212973178420e-01,3.837123888372946656e-02
-9.726986397865646783e-01,-1.035590007558373493e+00
-1.326552798773565023e+00,3.840347549267884575e-01
-1.046045009562491662e-01,1.888166976833196842e-01
-4.372784776711825527e-01,-2.333189615280387930e+00
1.950963183025920644e+00,1.106614337631145917e+00
-2.674474320350221299e-02,1.975675862745558842e+00
-6.315984811566466295e-01,7.351646192124628998e-01
1.238487590128823035e+00,-1.226110010586556553e+00
-1.035526441149163146e+00,6.987202426289714774e-01
-8.876750934093449730e-02,-9.576521236825641381e-01
5.247747967584048823e-01,3.660907006267005714e-02
6.090129234801366920e-01,-3.463394976274197234e-01
1.922108198376315524e+00,-2.726356399458325641e-01
9.196834161234466176e-01,4.683791417235233512e-01
-1.406762564348262634e+00,1.530553947384878655e-02
5.212533913934375152e-01,4.066150871146183565e-01
-2.705098994598975071e-01,5.368723114980149536e-01
1.165135002629350325e+00,-9.578720533992134412e-01
3.458475755310447819e-01,1.449622267636580530e-01
-1.094456149152063018e+00,2.407736614014839571e-01
-4.509835796401856500e-01,-2.082041130161777165e+00
1.155008411641092581e+00,6.104786641740360675e-01
5.031882909926734815e-01,1.368714920270280411e+00
-5.750668735969122203e-01,-9.489187297123881093e-01
2.249076991841061912e-01,-5.979288893364174129e-01
2.401595802175523764e-01,-1.231942391952123295e+00
5.704762454925326187e-01,1.085409347247670242e+00
1.120764221397502723e-02,6.536625915757784955e-02
1.959257064160970341e+00,8.812747984703060977e-01
-5.334347794124174591e-01,8.005582507899201561e-01
7.147406501587312277e-01,1.542180416088663630e+00
8.979767675646911362e-01,-1.146340359801800712e-01
-6.912491314914039897e-01,2.030651008468674079e-01
1.062312339329810174e+00,-3.094891842523109227e-01
2.342113191914391435e-01,5.297460602874549257e-02
5.795869494411757250e-01,1.528418611667200500e-01
1.358566066023032981e+00,-1.786083849936592083e+00
-1.880972209452226096e+00,1.504308581497915798e+00
-1.115487573915106695e-01,2.812569446283053054e-01
-4.276340084332873603e-01,-9.480884471508616018e-01
3.773318227293878668e-02,1.273870670079832790e+00
9.308566914490454813e-01,-5.838470847634507077e-01
9.049306782058468279e-01,-1.045797357377590497e+00
-3.205185541226629464e-01,3.566700629911019882e-01
-1.087769728582614670e+00,-1.407654130647819912e-01
-8.873721634583078277e-01,-2.215486179104019238e-01
1.148062269521384682e+00,-1.124772555863791101e-01
-2.535497424538701305e-01,-1.530938505533688376e+00
-8.650151195460620279e-01,-6.990827194202771100e-01
1.162176448481583524e+00,3.041138852556050653e-01
-1.406783185002074887e+00,-1.858906427281684925e-01
-6.576765204122110298e-01,-3.194747409669809746e-01
3.716102402950081096e-01,2.253636640187555995e-01
5.264433011174723953e-01,-4.318927157069616385e-01
1.072989908459162312e+00,-2.289867917629548055e-01
-3.691851795412450649e-03,3.864070925706310500e-01
3.131676005080712838e-02,-8.719621903839698263e-01
1.196660887715055077e+00,2.664793751698452465e-02
-5.008787815472591498e-02,-9.799958105096415739e-01
1.526589226949838007e+00,8.527724640979974374e-03
3.033061188716643097e-01,8.789138313325109975e-01
-3.678754350749393609e-01,7.711198006296056118e-01
1.100149037510369521e+00,1.091716383975408627e-01
-1.989567342738815636e+00,-7.986102030406748431e-02
1.246047932689280380e+00,1.210288641156987754e+00
-6.568185811294842413e-02,8.485504128342996610e-02
-1.356582728208963473e-01,2.567103065311239218e-01
1.221905520032207315e+00,-6.438218496661749501e-01
1.604702819252110224e+00,-1.062412025988430209e+00
-1.008868933566614778e+00,-3.418989455202406935e-01
7.520334445578942262e-01,-1.292247276293354008e-02
-1.891834647813570303e-01,3.518309029406898047e-01
-1.698830929837560899e-01,-1.561647778521139340e+00
-1.238769899816043907e+00,5.232425515690564133e-01
-4.601158972481083076e-01,-1.886680939573214699e+00
-1.081420212334789771e-01,1.142204156563630724e+00
3.492385451936643181e-01,-1.500251610230211696e+00
-6.837625369713105083e-01,-1.194161950772306691e+00
-6.364602453504968338e-01,5.304719086514853021e-01
5.625781380355950878e-01,1.855332609295759161e+00
-4.181466441017310243e-01,1.507658921763317950e-01
2.448049831155301170e+00,-3.626887933834743172e-01
-2.510887610466033260e-01,6.300983068414088839e-01
-1.186812262447545896e+00,-8.211536317911848071e-02
7.947087053818497893e-01,-1.124023011807773476e-01
9.703414553142699628e-01,9.114183025385013126e-01
-1.325465038343256019e+00,-6.414090625410251434e-01
7.583731036961508520e-01,-1.137490430001891095e+00
-2.179599882707587533e+00,7.704885390247160348e-01
-1.305027065827438104e+00,-8.784395145393596449e-01
1.159116537295976496e-01,-3.791840684821004892e+00
1.024263071463151764e+00,1.227936464404552508e+00
1.770844708699163217e+00,-1.489936940664056353e+00
-2.032783209989265760e+00,1.572455458735513512e+00
-9.438480608186426979e-01,2.314382213343163242e-01
-1.208000568499145722e+00,-7.845495159920982120e-01
-3.813738210047559057e-02,8.208339014767926933e-01
5.937059196254114157e-01,6.464754485275744575e-03
-9.102013874954649753e-01,-1.438108817406846596e+00
-3.510194422025486038e-01,-8.111328394862915570e-01
1.734781521809086458e-01,-7.798214888440975490e-02
-2.490231787101390426e-01,3.327859264160899777e-02
-9.409759564313078251e-01,2.033467428643741526e-01
-7.376195931985183307e-01,-7.647316667511615540e-01
-1.020220673207738349e+00,1.949156002784238062e+00
7.079105184007030704e-01,7.257825538928632803e-01
-2.113179934260319470e+00,-5.191898756603534615e-01
-2.060490513977340843e+00,1.322817759560283690e+00
-3.783170007021234849e-01,-8.884589666729566515e-01
4.749786972043261168e-01,-6.789977781597859030e-01
-1.640554363047506570e+00,-9.662174694093256244e-01
