3.700974394247700250e-01,-3.959486432575367587e-01
-2.899984333889201182e-01,1.352791932922389639e+00
-1.451846939862317387e-01,-4.843194091091509446e-01
2.681986654602241393e-01,1.052835804569540290e+00
2.064127760163284031e-01,-1.639843694070745928e+00
7.365635982917950741e-02,1.498675308072316525e+00
-1.983071274830038311e-01,-2.537155848943400405e-01
-8.550372830832049242e-01,-7.503002031475897171e-01
-1.734084921586300121e+00,-1.905434790200695172e+00
-1.475979999168698154e+00,7.653404089771393970e-01
-2.952569825013328167e-02,1.562436716678708537e+00
-7.381588515781283277e-01,-6.142698436245075388e-01
5.231187463070508664e-02,8.401560968614888436e-01
5.788948623291621104e-02,-2.199978223157091350e-01
3.286810798968388125e-01,-1.445120520687830645e-01
1.270358380446228175e+00,-2.980957008554190046e-02
1.375753358186418307e+00,-7.385507385203204933e-01
2.540270005866063774e-01,7.947251630104539277e-01
4.002231884730218514e-01,4.197869484054820299e-01
-7.629619063791773792e-01,-1.695955380669879053e+00
7.800996868317578992e-01,1.025381120497892151e-01
-1.595488274464928746e-01,1.318946397665086701e-01
-4.800569401306752082e-02,3.537604466514858714e-01
-6.692948234883476788e-01,-1.060612940674145577e+00
-3.583098608511550709e-01,-8.721713289451722417e-01
2.242493858312347488e+00,-1.571849161322983468e-01
-2.124837105732165998e+00,-1.072381672869028080e+00
-1.306067909251047210e+00,1.024961055783395691e+00
6.084801256297012184e-01,-1.619266372569892753e-01
1.180631092524905501e+00,-1.993010603340032549e+00
-1.741952539153142521e+00,-1.263673675570514687e+00
1.222048632190733342e+00,-4.741165637728093907e-02
1.045900767677596876e+00,9.381524722362233337e-02
1.572058962905557911e+00,3.670547255713113799e+00
-9.008458109294894545e-01,-1.110707871212782472e+00
-2.147660741377579452e-01,-1.989202601565046025e-01
-8.403485536607463446e-01,1.060823157229555225e+00
2.247194323540237626e+00,-1.934143003841241604e-01
-4.767028523023064679e-01,7.898444970117807218e-01
-9.658815587612556985e-01,1.498786266779593424e-01
-1.304839136591577908e+00,1.536685762088442486e-02
-1.494051932750726674e+00,1.740971537868976293e+00
-1.531901302243856566e-01,4.517136857530743010e-01
-6.303646590530334048e-01,-1.959581966838068734e+00
3.249045300524844859e-01,1.174409451839774299e+00
1.267856967116163469e+00,6.559944023475352548e-01
-6.721057838040391808e-01,1.374000659339783548e+00
1.394887015558962939e-01,-4.218451322351004507e-01
-1.463668020039958328e+00,2.565688733997488757e-01
-1.640003057939356038e-02,3.352112212367430177e-01
1.712693788890907731e-01,-6.996619882199087703e-01
-7.049977748293982938e-01,-9.062544916727265365e-01
-4.388794371658493731e-01,8.415364852630559112e-01
-1.978415390541558294e-01,7.250773741330307498e-01
-2.547189609156142787e+00,-1.401231848904120447e+00
1.360886967720600582e+00,-8.227147610398395372e-01
8.965251758763777001e-01,-6.058099273893038372e-01
6.291828548045398373e-01,4.050382766201749418e-01
4.580290264965476976e-01,-1.207457397192257531e+00
-4.478108176800507656e-01,-4.698652062589963041e-01
3.493859331028985604e-01,4.833066057434610707e-01
-1.165086943197816582e+00,-7.584553454802170913e-01
9.918016766358835890e-01,1.561801181968041963e+00
1.613968795903152564e+00,-2.319863173550857083e-01
-1.482156979311491485e+00,1.195705805079587902e+00
-2.874701791829105055e-02,1.601910085074920831e+00
5.530043857428363907e-01,-1.060669091005280951e+00
9.285308354244461437e-01,1.039433442485622749e-01
-1.827943412845146165e+00,-1.130700164194297530e+00
2.086585253556579034e-02,8.209215242606295870e-01
-2.728626512332611442e-01,1.206989588133979344e-02
-6.392542786570668545e-01,-2.167581156787007135e+00
1.751474212203529168e+00,1.197985878826960615e+00
-2.772010900668949174e-01,9.719959662139250334e-01
8.235951877541584087e-01,8.950914571754505777e-01
-1.432676243245777137e+00,3.448064103022093763e-01
-5.304022373935620704e-01,-9.754305992385638169e-02
5.605995407836307232e-01,5.297367577703627761e-01
-1.026383671410963316e+00,-1.286567326789243904e+00
4.084051830236472558e-01,-4.828778645832229599e-01
-3.817867248585844475e-01,-2.854434784953314153e-01
-1.409014113720432476e-02,4.193170099942218898e-01
9.208400249200606735e-01,-5.261014556057563851e-01
-5.239489275838749016e-01,7.844336598187734433e-01
1.664445823028140869e-01,-3.024417024878726656e-01
-7.297956640298881581e-01,1.022240643186663883e-01
-1.180854142676379892e+00,-1.011268494557714837e+00
3.564361218551876376e-01,1.120885464297324274e+00
-1.501872721543092704e+00,-8.805654735742681760e-01
1.082266642465494311e+00,7.234543210647793599e-01
3.563644584969567070e-02,-8.342299608379535325e-01
8.661268998471719494e-01,-1.053906880189457995e+00
-1.017905001545496679e+00,-1.311984520968228818e+00
-1.026001298269870965e+00,2.004221939868454094e-01
-1.506523869977855590e+00,1.944459239027244990e-01
-8.450790611937841756e-01,-1.945226381592568110e+00
9.651577449944582776e-01,3.173589308330948544e-01
2.260308575959185939e-01,6.164100927238714833e-01
3.733444990501904037e-01,-8.199387031817485516e-01
8.824840005518341801e-01,-1.162096103363001509e+00
-9.544869368644189889e-01,-1.280612344674211478e+00
1.361050089466540880e-02,-6.828142614922605436e-01
4.470096956515162145e-01,-2.162926102652201088e+00
2.079519635316410042e+00,7.142591617209371746e-01
-3.392207162584024993e-01,-1.154569091292797944e+00
-2.037814383556474651e-01,1.444350011753640528e+00
-1.019204135507328080e-01,-6.469432291697789772e-01
2.718531810434515528e+00,-5.569764140496163973e-01
8.427883534217469608e-01,-4.438197495599699449e-01
-1.574200830864058931e+00,-8.947476741041202608e-01
1.013352185147125217e+00,-3.505806008918258554e-01
2.463658740189596852e+00,-1.189281131725532514e+00
1.377685815141633130e+00,7.430690424900543434e-01
6.887877843942921130e-01,-3.527042620566322451e-01
8.381763315914549928e-01,-1.707015368962512714e+00
-6.025840974217293589e-01,-8.500391897551208276e-01
-8.700984895635588412e-01,-6.676327795860875769e-01
-2.095148775932865748e-01,8.234894114684980782e-01
-7.590738299396150301e-01,2.310999904358479462e+00
1.407808312764806669e-01,-2.092979555951076653e-01
-4.843088032383035396e-02,1.351976951535780014e+00
2.973837202895956988e-01,-1.653531217743519965e+00
6.084518071869038369e-01,1.698127915709916946e+00
-7.263349394761310363e-01,-7.669018093794749413e-01
-1.118489481905478700e+00,-6.921066894748848508e-01
1.760894690915753846e-01,-5.972382959981975548e-01
-9.917990596937160674e-01,6.224597694719582464e-01
7.769995571654241262e-01,-3.195223473327299502e+00
-1.250883613332260280e+00,3.170643885477009705e-01
-1.108646980760551903e+00,1.314213157440470292e+00
-1.256059514536315633e-02,6.180374839295033063e-01
-1.789922940511056604e+00,-1.429340406260930063e+00
-2.510438810446681823e-01,-2.495781580676877665e-01
-5.642213781018347030e-01,-1.433116289437172286e+00
-1.084443702638171914e+00,1.928439627775305532e+00
1.599565462494211054e+00,-6.925051737695393506e-01
-1.538157375965858886e+00,-4.477757998955972374e-01
-3.263643042269664396e-01,1.542106303940409484e+00
6.852526402796067506e-01,-3.990130250044016669e-01
1.992538749101814499e+00,9.578457123976599208e-01
-1.052947758158680802e+00,-4.905632157630283041e-01
2.010999961250498291e+00,-7.173072461229883512e-01
5.286889805279217924e-01,1.675351939694563197e-01
8.504240022434794710e-01,9.225061836868092557e-02
8.908765212946307965e-01,-4.728677090605266642e-01
-2.823736584065039690e-01,-6.062883038661234236e-01
1.036761826210303106e+00,1.772121188738765341e+00
1.751392098765453653e+00,-2.226650399509089995e-01
1.375265786805669688e+00,1.028941104597702383e+00
-4.501795331347100970e-01,8.831841290699870006e-01
1.583470667297253831e+00,-1.658228447993982391e-01
-1.360678479576331590e-01,1.046282913140337500e+00
4.183700386890110701e-01,1.356662389609473163e+00
3.923907223841325842e-01,-9.053211712483427709e-02
5.511172798771125647e-01,8.714253610582648468e-01
9.230542287817046221e-01,1.254326521304195141e-01
-2.076685296920679935e+00,-1.242845964827120619e+00
-2.228306649764239811e-01,-3.101362740135577348e-02
1.836449927229306001e+00,2.984988610492149697e-01
-1.455438582293388849e+00,-1.180382285181850621e+00
-4.719458284108569157e-01,-5.319924384999518141e-01
1.111191530189454824e+00,-3.010772345683025430e-01
-2.417582510446077970e-01,-7.648983891166144522e-01
-1.871311989057055647e-01,1.512997050207274707e+00
4.379312788444469362e-01,1.819892651923981919e-01
1.018409632448785462e+00,-3.807069604397545493e-01
-1.069822447866119353e+00,-1.066658388698626669e-01
-1.093919611717832252e+00,-7.361702918705399501e-01
-1.186024007253618340e+00,1.936658246312973564e+00
5.782322547651939093e-01,8.855339674250056747e-01
-1.491692933022644496e+00,1.351069504979099944e+00
7.459181516584755256e-01,6.452469021795411708e-01
-6.451190137811589898e-01,1.934469490760648003e-01
-1.488849606706641460e+00,-1.347015103490265320e+00
3.825335304023288474e-01,2.235618376076126401e-01
-4.573782710728722112e-01,2.523013112309292705e+00
-5.962246758209681641e-01,2.247377458078582801e+00
-6.242803467230991776e-01,1.282255082841900595e+00
-1.780280111460683656e+00,5.981163729416735242e-01
-1.018288804119257540e-01,-8.287794621126582939e-01
1.932994012235313752e+00,-5.151296383523010780e-01
1.448073048649255457e+00,8.046454744428163108e-01
1.283557094460346715e+00,-9.471606069111463411e-01
-8.038988341340582711e-01,3.881676166348372314e-01
5.816863482673809704e-01,1.081043069686960845e+00
-1.189266211778437388e+00,-9.439297442467639021e-01
8.865101496762238797e-01,9.584215562377204067e-01
6.350256873348419928e-01,-2.856253411992111801e-01
-4.360138181787000938e-02,-2.444634227853917929e-01
5.249021610365259827e-01,-1.166216611645670975e-01
-3.736508398789617491e-01,1.047771993513318955e+00
-1.018372931129630787e+00,-2.191396313344576186e+00
3.967219781665750483e-02,-1.144439915733393320e+00
-6.540542754305742612e-01,3.279610547157384426e-01
6.473621161583886785e-02,6.420930026241795929e-02
7.760127881044466269e-01,9.066120460760969113e-01
-7.752768304726799509e-02,8.140634041090261119e-01
-7.279031555961714695e-01,1.906285544790920827e+00
-8.665367666495157328e-01,-3.093702410741255293e-01
-6.602811749701799071e-01,1.178183051688471289e-01
-1.055800253200245953e+00,-1.807497123293474894e+00
7.005441778468548542e-01,1.056488928023444851e+00
1.936023789225982616e+00,-1.158770717458989186e+00
1.182005994262779414e+00,1.799405302922496841e-01
2.072890331603775227e+00,-1.492517298897375611e+00
-1.498753173399391125e-01,4.445610474351525121e-01
-1.054458094830951875e+00,6.748996627782214396e-03
-8.168499648396053692e-01,1.149317170212133199e+00
8.753709759875965002e-01,1.243364885340591641e+00
-8.528248038735504188e-01,-6.613281836866159447e-01
-5.931544683024432274e-01,-1.123736978721044277e+00
-3.230977155019404967e-01,-1.061983789517151555e+00
-1.170981739086210283e+00,5.926805482086345833e-01
-1.397967796261376794e-01,-1.254094898198840680e+00
-8.284852667556684425e-02,9.677995538999010217e-01
-1.715719201808160843e+00,1.664031484713996700e-01
1.613883887399168104e+00,-1.413427690807536941e+00
7.969696644950274855e-01,-8.947524512091234450e-02
1.546133866831785886e-01,5.349613408166675743e-01
4.203297287055792614e-02,7.221575769501843434e-01
6.799734163190463976e-01,-6.778892476261797473e-01
-2.390185133458218592e-01,-8.574826954144042501e-01
-1.520061797131024184e+00,7.293561486034992880e-01
5.752931618921149903e-01,-5.479804539000580899e-02
-1.500945744763464873e+00,1.201828386115038505e+00
6.722983337627765899e-01,2.755476231676903698e+00
-2.869337863737966288e-01,4.663961671998159697e-01
-2.295964960341896344e+00,-8.217464320732186245e-01
1.717018435489976014e+00,-3.145835917587647690e-01
1.443826849614218588e+00,8.482110131091165073e-01
5.870211763761836732e-01,-1.289930851658454003e+00
-2.617034142341882474e-01,5.131827960676061950e-01
-3.421275342415754372e-01,2.573379456012228617e-01
7.011188655933638936e-01,1.612371212583803226e+00
3.185759875728390034e-01,-1.874985566214686150e+00
-1.227775703157473419e+00,8.439103274586143844e-01
-1.344928382118614429e+00,-1.215195528556163529e+00
8.289654955274255999e-01,1.600263809357104883e+00
-2.806361669471552078e-01,1.129661552863853613e+00
-1.228220092672104746e+00,8.641753836606880235e-01
-1.966616842907019103e-01,-1.275103710817293790e+00
-1.734150913702728669e+00,-1.145405941227898294e+00
4.343911351633877316e-01,-1.699057970634020531e+00
8.302544166937340098e-01,-9.056853831453993697e-01
1.525390874880565129e+00,7.540437545414240272e-01
-1.610365261947044546e+00,-4.690864880308463492e-01
1.491532335074127857e+00,1.479339333454259053e+00
-3.538637787721868877e-01,1.391461278826506831e+00
1.360428920616408410e+00,-2.933904501463031611e-01
-1.250272759329567329e-01,-2.021498463323835593e-01
-1.097995860662435375e+00,-7.179674671765204352e-02
1.495765428853863988e+00,9.823561252698423951e-01
3.140321152865147014e-01,-4.312685925732524794e-02
7.627221643304166188e-01,-1.262842488201487257e+00
4.873900094794130777e-01,9.870945470299135049e-01
-2.882237590833712226e-01,-1.699532242742324284e-01
-1.274790984505643321e+00,-8.873056559741656635e-01
2.015127081938634934e-01,6.324171884873820426e-01
-1.338842550953751376e+00,-1.125573955883158561e+00
3.410464213934057964e-01,-6.816430055848469172e-01
3.880956677859940251e-01,6.374024535271914649e-02
1.189262452264221892e+00,9.034545848950465974e-01
4.066134742685998948e-01,1.206361810139268131e+00
8.834288924116955322e-01,1.821539739968054183e+00
-1.312184739456849547e+00,-1.086245179304187181e+00
-5.983049259549375609e-01,-2.507357420791424540e-01
-5.637714084620343291e-01,-1.428007008965688884e+00
-1.459060989664520969e-01,7.283796851165529329e-01
1.469749254108966730e+00,-5.356336987407852579e-01
2.034392380176089921e-01,-3.408795413577801470e-01
-1.571773872238215963e+00,-1.238121204338517689e+00
2.016318625540873377e+00,-1.236306725949675167e+00
8.783735742850787842e-01,7.536627936908252279e-01
9.617927874252160322e-03,7.356789568515904598e-01
-1.162803660414264695e-01,-1.471472461952710420e+00
1.085635449525014451e+00,8.184107032432798023e-01
-6.195366381306219861e-01,-6.621212594115628569e-01
1.614987801599563788e+00,1.331395166082689929e+00
2.564712427892512636e-01,-4.311279953858466185e-01
2.656739095182451549e-01,-3.294064361168937416e-01
7.729308267037152680e-01,1.265505379491272286e+00
4.797760544377999703e-01,2.186939796074555353e+00
-9.317461803987446556e-02,1.877395372143084940e+00
1.747290602293037676e+00,5.528893254379425581e-01
-5.782766885530308404e-02,-3.809154284829448511e-01
4.605087061533291171e-01,1.408655878904460534e+00
-2.040346842563081631e-01,7.133126435550111166e-01
-7.022355608578004782e-01,-1.153087799939492175e+00
6.807552116793174068e-01,-1.606706348315432575e-01
2.887280327521447587e-01,3.042706859406558717e-01
1.242745123219925141e+00,-5.413694128700012875e-01
6.759621813053127148e-01,6.094640137670913616e-01
-9.185603373048839559e-01,-1.609916390760431915e+00
-8.286912532861070435e-01,-1.891106347064467896e-01
-4.429641484690809983e-01,6.557415356979390264e-01
-1.298222503045285414e+00,1.469077328913745428e-01
-5.764456224769312076e-01,1.725941562828005482e+00
2.183194952037046110e-01,1.021319900009485110e-01
1.038262783935635980e+00,5.623751188118519817e-01
-1.342132655347556824e-01,3.793605741262753295e-01
-7.709602525178497201e-01,-6.273791863475510766e-01
1.061138760911624512e+00,-9.607363488799077755e-01
6.884726423042876187e-01,1.012537616113845074e+00
-2.883858789978738790e-01,7.717548819558791573e-01
-2.990137567520259054e-01,6.577833792357610232e-01
-2.439964465476787137e-01,-1.770240160283140796e+00
1.758083541753472367e+00,-1.846397507197596599e-01
-1.218002923828576556e+00,-8.043600430237602961e-01
-2.483022693815610249e-01,7.575964944972037041e-02
5.431058286747592057e-01,9.327754879153412615e-01
-9.707090166376912063e-03,1.616473913869003853e+00
6.096187154510808170e-01,1.112701551065356842e+00
1.018294741713708929e+00,-5.959449773737727218e-01
9.144390052306129446e-01,6.733235739641721951e-01
7.875213699550169810e-01,-4.934125157737505596e-01
1.930361967245812993e+00,3.160053472645990569e-01
-2.518833406819975806e-01,9.675357406229085910e-01
1.152092290295886334e+00,1.166688364555826529e-01
-2.596584041142226407e-01,1.802569306428478901e+00
2.165307858087655579e-01,4.232123513375232182e-01
1.313363968895459699e+00,3.537705071070817997e-02
1.635686802681574958e+00,-4.974822076181487640e-01
9.577297214584927776e-01,-6.760104863311756640e-01
1.665062306858551278e+00,-1.410425887009276957e+00
-1.512642182002694069e+00,6.271089053530567448e-01
-4.921747661779232036e-02,7.462688478020930438e-02
-3.376938032006280843e-01,1.261211438794101358e+00
-2.158999784420311541e-01,2.284579677325826896e+00
2.667976892507953682e-02,8.526891128029483458e-01
3.945906542170077302e-01,-1.042001152759451932e+00
4.289264577941999668e-01,-6.239556268580960241e-01
5.471939935824366996e-01,-1.385573396804357649e-01
6.157276354969400955e-01,-6.854485845692717128e-01
-1.451719021858737024e+00,-2.602934090670339096e-01
-1.246759213448136006e+00,-7.219604347925488996e-01
1.739338207412787440e+00,-6.382180961169432454e-01
1.854624541494549916e+00,9.652666497394590817e-02
-1.298168104482259277e+00,-8.710974936445866623e-01
2.209015494585240824e-01,-3.732617718731369716e-01
-1.342082719949994341e-01,-1.219406036948652794e+00
3.869001341703274255e-01,1.306674480316304121e-01
-8.447179464452015951e-01,1.760938931872971347e+00
2.313668764254053212e-01,-7.567171185631349495e-01
3.206927171394011733e+00,1.212464167348712651e+00
6.241759666141132312e-01,-7.509403306489180752e-01
-1.132201502309714523e-02,9.249285717338752155e-01
-7.501810628313955176e-01,-6.719136871106405895e-01
7.153913899375565766e-01,-1.139595290356999191e-01
-1.436139817239905359e+00,-7.517696355836555044e-01
-3.293856240617021869e-01,8.056024487862584182e-01
2.632960103376764671e-01,9.256998485135582710e-02
2.866697653642173993e+00,-7.158848535895175891e-01
4.792908768806750652e-01,-4.421463768913185266e-01
-5.365512684806358346e-01,6.816095275511097062e-01
1.092103641184674623e-01,-7.551187900312705814e-01
-3.671567718290455473e-01,4.635027987976264030e-01
6.835720767689684729e-01,4.648566106990251745e-01
1.301735649596284627e+00,-1.144729008703598172e+00
-6.341507822353362744e-01,-9.704828721897350297e-02
-1.593954670205613100e+00,5.237924684819943444e-01
-8.357200531355914175e-02,3.873589576312339577e-01
1.142657895900212495e+00,4.758837307209686229e-01
-1.420730499139688741e+00,7.531435826493388941e-01
-2.731084863264569007e-01,-1.370996888781036149e-01
2.326564518539719906e-01,-1.236847120908192155e-01
-2.660638894446369362e-01,-1.078234740792314711e-01
2.623427697777557799e-01,2.418730919195442031e-01
6.329486216972041168e-01,-8.612548435390998680e-01
1.606763863059966491e-01,-1.191698178885942649e+00
4.050454670472218854e-01,8.953415908989190708e-01
9.757352841884775474e-01,6.305330896974338240e-01
4.481714351273548558e-01,5.634422304081304622e-01
-3.493561090012495263e-01,1.660470347224188292e-01
-7.891078098361375970e-01,3.543238567416668872e-01
1.827558240925463595e+00,1.196030041306761146e-02
-6.182227012846072123e-01,-9.157288564302568101e-01
-1.037246788701467137e+00,-1.563366855930924670e-01
-4.824005690380376299e-01,4.220660234326765736e-01
4.317373946826875142e-01,-1.743817959278617158e+00
1.179227666362204552e+00,7.452168347356601386e-01
8.822868360114350939e-01,2.919709077649359497e-01
-2.420197828314508914e+00,5.374723464703049514e-01
7.981620760089493949e-01,9.672030864653653470e-01
-1.158490448926726035e+00,-3.256678115050248290e-01
9.720446657826546932e-01,7.261715779721911179e-01
-1.572364360369672642e+00,6.470193474421506163e-01
2.927276102762801924e-01,-2.276084906777560979e-01
-1.037239003747013610e+00,3.227432029376880451e-01
-7.948473775086714044e-01,7.661957880990737380e-01
-2.584112750986268872e-02,-6.046282333971879641e-01
-9.492812642175998405e-01,8.264103447786000922e-01
1.411519630161238714e+00,-1.515077724551739391e-01
3.135776325970238143e-01,-2.718899513071191265e-01
7.141676205922588005e-01,-1.172402793337307125e-01
-1.534216453085163856e+00,3.755692007447008485e-01
-6.305986829890308787e-01,1.336841569259571982e-01
1.640394386114435998e-01,3.880569131996309262e-01
-2.396574525089982366e+00,-4.719621092351438119e-01
2.433983553025368118e-01,-1.477954110220206729e+00
-2.598022132264151129e-01,-1.882157316344016840e+00
3.834739955487315166e-01,2.032065700689463128e+00
-7.929290814622254047e-01,-4.760766769382840380e-02
1.216292217126811570e+00,-1.092827318568434736e+00
-3.532421945092789062e-01,-9.227506521919237592e-01
-1.679786174779558383e+00,-5.031036813434065502e-01
-1.085264758918171868e+00,-9.773764047124103849e-01
-4.956007067729764071e-01,-8.810692787260679948e-01
-1.921463866325833658e+00,-1.541480327563391928e+00
-3.422799742536649648e-01,-2.239687587314010742e+00
1.274302082578528117e-01,-6.870281570059241227e-01
1.155172314702853642e+00,-9.328069673460973599e-01
1.366481447696743290e+00,2.127908029011025270e-01
-4.304969139942912970e-01,9.881912402474172241e-01
5.742789961189039838e-01,-1.357247355060294591e+00
-6.787880470340236227e-01,-2.021769265741995003e+00
-5.347913662026075876e-01,2.839130386495526404e-01
6.289555415914236391e-01,-5.646102960242284086e-01
-5.767621922495508313e-02,5.146107905092044410e-01
2.068525615641868542e-01,2.577726044347992129e+00
-4.210390692135924928e-02,8.567152223570619063e-02
-7.202435003764751098e-01,4.265148694248246941e-01
1.289116724619433718e+00,6.594018254348987806e-01
-3.926332974258668618e-02,1.051748526687249052e+00
-8.402222692711547314e-01,-2.034107913123757716e-01
-8.927862482787698450e-01,1.316830395348633331e+00
-1.850895192362620012e+00,-5.457900291583910324e-01
-1.483615295229874009e+00,-2.006661723415612553e+00
-2.664144328251173421e-01,3.508548236187715441e-02
-2.428408688912862545e-01,-6.082918516474591225e-02
-1.496399198789264195e+00,7.588767489724825843e-01
7.770534506651495532e-02,1.428040286551312432e+00
7.869530019649643160e-01,8.709643876048600575e-01
-6.098328640594076200e-01,-5.528150012004394709e-01
-1.362306606718678426e+00,-6.644901620531045161e-01
8.501152299113347299e-02,-7.363464469783399524e-01
-6.998554309888372904e-01,5.572898790974493144e-01
-1.130306377308018417e+00,1.871122997340004757e+00
-9.141716003320105033e-01,-7.718181382401118062e-01
-5.858014963680407972e-01,2.282122786509369894e-01
6.317034630846105614e-01,-2.944916028620164994e+00
-1.944621343349829390e+00,-1.930748111700244518e+00
1.506445248606166354e-01,5.484890900074645970e-01
1.018891619750085686e+00,3.071481919957925188e-01
-5.132465775334452696e-01,-4.660807535040795702e-01
-4.105801061530425788e-01,1.460756253606985355e+00
4.637874973566631365e-01,1.529445102557783487e-01
2.952924435755254207e-01,-1.383207121469165912e+00
-2.406246339202756379e-01,-4.785983256681880516e-02
-4.952939378021241623e-01,6.867905008422454938e-02
-1.350816797393551427e+00,-7.322222714689693435e-01
-1.013056438769437628e+00,-3.249986028350555500e-01
4.298274865833247027e-01,8.642928612649686260e-02
-1.375352636940183837e+00,-8.392828721480308785e-01
-9.879147048444968382e-01,-1.053215083116116474e-01
5.052699621258239793e-01,7.533966036174946090e-01
1.135870274219641152e+00,3.109073573718737493e-01
6.507423271231765893e-01,-6.015029917308022389e-01
1.022895989397430316e+00,1.075182439305411908e+00
7.437421355127602496e-01,1.314273411660850099e-01
3.689905316093518017e-01,1.564033608860298630e+00
8.281061070575940208e-01,3.533438921801271282e-01
3.911466135876802697e-01,1.526061850835820355e+00
-1.940506750577517814e-01,-9.211125886183081368e-01
-1.099432927402820698e-01,6.733710777154435778e-01
1.192602425600826965e+00,1.329445599193993521e+00
-1.514578309241229936e+00,-6.898450464704930507e-01
-2.648910360546765097e-01,-5.958389759584077350e-01
6.939693832233953530e-02,-1.613792834403932064e-01
-7.271997450805581797e-01,8.541691247370623019e-01
5.815257194725359513e-01,-6.952453519360077827e-01
-7.135184687381849189e-01,-1.349660576343079954e-01
-6.989680984962064469e-01,4.799460370390425390e-01
4.712577879928474545e-01,-1.783614874655386373e+00
3.203410505583803580e-01,1.033450748772274386e+00
1.410371830776538382e-01,1.436367610672389383e-01
-2.070924606107630517e+00,-4.629785607079610066e-01
-7.707267537328100770e-01,-9.938610943209631732e-02
-9.291796791351436546e-02,2.664340629200265820e-01
-1.488578153316609809e-01,-1.166448648497832030e+00
4.858167234459137562e-01,1.184753053732230166e+00
1.974751206743170229e-01,1.599694830535198786e+00
-1.226124065061849011e+00,1.941814515535828789e-01
-7.748894917635773538e-01,1.240234170783039852e-01
-1.194711468721523673e+00,4.535289054449310187e-01
5.231422801684484369e-01,-1.087341247546751877e+00
2.058736317423745188e+00,4.648825797317842623e-01
-8.034748516234456739e-01,3.463501517853038170e-01
-2.828487013587039495e-02,9.013008566780218445e-01
-2.556348304680107653e+00,-2.183081586248450723e+00
1.017970682603914101e+00,-2.298569277844008774e+00
-1.582275976481462898e+00,-6.989381976920293615e-01
1.981260649195605572e-01,-1.098329109193888486e+00
2.343367270629411192e-01,-1.957734571495195697e+00
1.497805152713929111e+00,3.347359577036055911e-01
6.765888444385437239e-01,8.038950741579872217e-01
2.092986575867448629e+00,-6.004889635245768131e-01
-4.515525370715201547e-01,-5.787086132642329517e-01
2.294991948159167627e+00,6.320679938577596912e-01
-1.758296878474978897e-01,-3.946284540796205498e-01
-9.017041579589804012e-01,1.483863152643268402e+00
