4.248276046006991269e-01,2.810438428123037125e-01
-1.509843573724955146e+00,-7.063599608918201822e-01
4.062939545180200840e-01,-6.793159153962861074e-01
8.825079087724636562e-01,5.023776801027485944e-02
2.117825624774745563e+00,1.944943867449117514e+00
2.406119425922418828e-02,1.762591678307728338e-01
-2.048875453414239212e-01,-5.312599075294116568e-01
-1.185467350049809188e+00,-1.418872552369489393e+00
-6.184975539833357239e-01,-9.391255185676679051e-01
1.107192506037782687e-01,2.501640237077518147e-01
-1.016190038046294264e+00,3.227381648933099756e-01
-7.028369888013521471e-01,-1.612413463917947043e+00
-7.962488278444292966e-01,-6.965574885948374595e-01
-1.598047777504314482e+00,-7.720191695480020933e-01
1.318099265914120244e-01,8.751778173402720018e-01
-6.246605904859939828e-01,1.774090437064075321e-01
1.597834619504709119e-01,1.936344122237098342e-01
4.634864236650693137e-01,-8.922730140351134986e-01
-4.544413211850214518e-01,-8.036889790293918479e-01
-1.163883568243202715e+00,-6.900418637114708043e-01
9.189871256084016782e-01,-4.705491358255999290e-01
1.524018525945301628e+00,-1.272078985988530364e-01
-3.262524688940810491e-01,4.252005100402931892e-01
1.468790048919326630e+00,3.963489892847347762e-01
-7.801348690091614024e-01,-7.092547706050510437e-01
6.719111505339001034e-02,2.464864169727423171e+00
5.560957284709479032e-01,4.145307114125655334e-01
-5.564344388761843785e-01,-9.359916645355781384e-01
-1.194276513543039292e-01,-1.727050570897513682e+00
-5.375344423585027842e-01,-1.001647936811846495e+00
-6.177463218453371763e-01,2.053286448739410019e+00
-1.659870589746631486e+00,-6.127955387467537429e-01
-9.139125814382341728e-01,2.943200074871431537e-01
-1.150609342654913103e+00,3.261822328065572263e-01
1.221402923735187773e+00,1.750678241362262799e+00
1.230681082654817349e+00,6.848731158234963035e-01
6.551185446919508548e-01,9.529856999107969573e-01
-1.354064583530941057e+00,6.844030078416029061e-01
8.864579259353438934e-01,3.675010944728550610e-01
6.999647121264018779e-01,6.899309135030342599e-01
-1.759455566518179914e+00,2.311999261136526429e-01
1.182853610176880510e+00,7.330533964263740154e-01
-1.737633890865117436e+00,-1.499761588752035246e+00
-1.103468697079753147e+00,6.214252855503987760e-01
1.560559403964967840e-01,6.666418160682402450e-01
5.058433162350398637e-01,1.122733565420214880e-01
1.259246371105221529e+00,9.554525816131381744e-01
-1.458674533892488356e-01,3.025363489791140295e-02
-3.225129047061011112e-01,3.338079544666993637e-01
-4.506410103977952220e-02,1.010498518008531438e-01
-5.767270930705757914e-01,2.589287047082050042e-01
4.328981730774786318e-01,1.683873273453424801e-01
1.974182087801092056e+00,1.397265668068018885e+00
-1.065513415106540407e+00,-5.597388341725912930e-01
2.180698280237346465e-01,1.176680044241651846e+00
1.905263918608182672e-01,1.605379733790537555e+00
3.763122275881385786e-02,4.695045512211892813e-01
-7.874997042575108130e-01,1.179173907786726233e-01
1.075985185604599437e+00,2.783301491042794451e-01
1.284654303734786840e+00,5.551031385869772405e-01
-1.011939110910807377e-01,7.747203900105095187e-01
-4.501871555840615893e-03,8.734989803592941859e-01
1.249044801729495280e+00,5.665217558152976229e-01
-8.360529985705184020e-01,-1.038476643420011669e+00
6.479003239314885532e-01,3.212607337914544225e-01
-5.582515018275012730e-01,-4.740553970868486844e-01
1.378495229054368387e+00,-2.397894184389044170e-01
-1.387531645274416636e+00,-1.400658807103653425e+00
1.250735216109224446e+00,-1.885439649213519475e+00
1.965950929084735455e+00,2.809630430694554537e+00
2.066589779714474162e-02,2.376747656677473675e+00
4.956535697864187240e-01,9.850164981551767784e-02
-6.275094580157707380e-01,-1.150624909218081804e+00
-5.711767502114414169e-02,-4.889597606895344506e-01
2.825757710020607494e+00,5.091759764325749504e-01
3.483178158853497131e-01,-9.489869123201724599e-02
-1.659174550685308391e+00,7.008205587596915143e-01
-1.195813310452178868e+00,-1.432612714552914168e+00
5.496215543144326032e-01,6.344644156371110899e-01
-1.789784595811658441e-01,1.175841977337195976e+00
-1.048871503705085251e-01,3.857309808196644485e-01
-7.667354986988600407e-01,-5.809732069568913637e-01
9.751230551728681806e-02,1.268202110777076896e-01
-1.004457101383920969e+00,-1.781315785851992572e+00
2.102977328995925821e-01,-1.605404724776825498e+00
-8.453040422123428987e-01,-5.001970626647622709e-01
-3.838809680349324904e-01,-1.129486608069856679e+00
4.935944678081558012e-01,-5.648299870952786517e-01
3.695887322926005858e-02,7.852164622536474126e-02
-4.273468126319289739e-01,6.962054857670726404e-01
7.384982970176089401e-01,-1.193254780530761117e-01
-8.593425055365777609e-01,-6.382692436635919453e-01
-1.925652747645484109e+00,9.093904028111239324e-01
1.857756371305995025e+00,-7.786030412585932536e-01
3.974422494139448481e-01,-8.620155101280253529e-01
1.639075148991696151e+00,1.618632533579969154e-02
1.690858317865369387e-01,2.740674259415937231e-01
4.995960475317553495e-01,-1.118436009006763543e+00
-6.255662380020868829e-01,1.488126530049656837e-01
1.585746854517765952e-02,1.557698434816084498e+00
-1.628860769677363596e+00,-5.297633006325997984e-01
1.994800294971648791e+00,7.712003524551628957e-03
3.209673885700906615e-01,7.308315216219283261e-01
-1.124237510754717784e+00,1.918227423476945415e+00
1.032030269336657424e+00,2.098989694349950863e+00
-6.085583795385857142e-01,1.348401230037659770e+00
2.146701401792517894e-01,5.238873591259637363e-01
6.392000892479369201e-01,-1.358704732471307741e+00
5.469588297667716814e-01,1.220198049690371725e-02
1.178430472422951736e+00,-5.246134148320289459e-01
5.742886132516281661e-01,-1.042586517065425600e+00
5.348139865623760536e-02,2.097168736719466686e+00
4.287211262353279873e-01,8.269967348115598860e-01
4.088745515253198737e-01,2.357940995720056998e-01
-2.601851027151911300e-01,6.883304896269524242e-01
8.095102230335269322e-01,2.443262741446869946e-01
-1.768741823362775634e+00,1.639750704738941467e-01
-6.789290701124632565e-02,6.787400604531369785e-02
3.073925012602575890e+00,-1.596257961081311849e-01
-1.299066806077873837e+00,-5.760422512014874430e-01
-3.848812075926459353e-01,-4.723865469563011676e-01
5.027719300840587380e-01,6.747924571328173249e-01
1.151525336537765787e+00,-5.160788975839939452e-01
1.527172072795093039e+00,-8.209135777441185500e-01
9.373786542264906929e-01,1.139268180339569003e+00
1.820466099902602955e-02,-1.856070915928918152e+00
2.136927236974383026e-01,-8.342333422625332062e-01
-1.789931026486804022e-01,-6.238412903949798194e-01
3.905442439665276488e-01,2.994959085474891980e-01
-1.868662037615473226e+00,7.952067570336760621e-03
-6.548885509346431544e-01,-1.227043170578271114e-01
9.881947962426639309e-01,-2.096200331552977580e+00
7.198055837643922983e-01,4.454333728009191029e-01
8.250657963342247214e-01,1.071722394918377841e+00
-5.550132895392000387e-01,1.610559000959727038e+00
1.193580274868849544e-01,-1.260122328180889095e+00
-1.070278211313137051e-01,-7.647527280399054606e-01
-1.663427784202292370e-01,7.533969829075577718e-02
-8.087090698553878187e-01,1.938719201819679050e+00
-8.175436879250528310e-01,-4.935619849279492266e-01
-1.141248450131573833e+00,-2.801034756652887592e-01
-3.263232706043059039e+00,-7.804008250238450572e-02
8.565616172089041136e-01,3.510308821125370238e-01
-1.345304576875902824e-01,-2.104884891369190880e-01
-1.157738349762780367e-01,-1.912305279256783619e+00
5.879846074929043764e-01,-1.824457969261383816e+00
5.970835436480682601e-01,-2.007148947356484303e+00
1.411987831252937697e+00,-9.327501064159162691e-01
7.709396072639775888e-01,1.178331713415018189e+00
6.131838793501279694e-01,6.908239223669722096e-01
4.248012374467832752e-01,-2.549016126374424873e-01
-2.147591856706519142e-01,4.140663603095749434e-01
2.659914380892818841e-01,-1.224332695857473619e+00
-1.448764315612410591e+00,-1.097487883633410322e+00
8.524716520911126416e-01,1.134019682007343155e+00
4.432268326672785252e-01,3.278127924900861023e-01
1.181386086420619597e+00,-8.765158373200342412e-01
6.679927956759862395e-01,-1.381602951209104813e+00
-1.067331791638670146e-01,1.091906679749224951e+00
-1.839670617865219349e+00,-5.723169876534072165e-01
-1.783203793611781163e-01,1.088176548021993595e+00
-6.554058649012926008e-01,-1.042417669432028626e+00
-4.259627047639453212e-01,-1.415789788946244521e+00
2.836706210694008856e-01,1.310218017195772022e+00
3.788516371227075297e-01,9.099277946096745451e-01
-4.262819681451238824e-02,2.205159291407228217e+00
-9.809706142767935511e-01,4.456450783228492474e-02
1.659874463528253408e+00,7.621605935011809274e-01
-7.739834647066737849e-01,-1.815513495450595816e-01
5.663483680606709036e-01,9.277637772208869871e-01
6.695985467451074369e-01,-7.470611438749008570e-01
-3.838632899772501106e-01,6.528007600925189724e-01
2.810894852767197971e+00,7.609012128099020833e-01
1.019150616736994447e-01,1.201662336022131683e+00
-4.956457482594631148e-02,-1.803530885959295338e+00
1.346531209681264496e+00,1.429078274146223126e+00
9.284301423187453217e-01,1.796822021838553884e-02
5.681103538305162237e-01,-1.529559495333644714e-01
1.293092546968568568e+00,4.725884847544931100e-01
-6.766234497760102995e-01,-2.851901661113693306e-03
1.318474029909537659e-01,7.102377649587937603e-01
-4.380145466931452680e-01,1.765524567706514281e-01
5.813760786899775379e-01,-2.098046632060595051e+00
-9.427435697319361818e-01,-1.012602876698510679e+00
-2.330533388366604342e-01,7.119660077470476578e-01
-1.889173305348505194e-01,9.425494922573152135e-01
9.685999162535061657e-01,-5.234404339682544594e-01
1.140424834437036017e+00,6.298088217580376513e-01
1.424311497738390608e+00,3.220962409905823720e-01
3.463143892046010586e-01,1.799925668915165700e+00
-1.710420523403420323e-01,1.684266283399774577e+00
3.728134710695899662e-02,7.421374423085467242e-01
2.678707074128386711e+00,-1.110974852648491495e+00
-1.829460625201421609e+00,-2.584423671160672065e+00
-2.919944327458907640e-01,1.720961071746209603e+00
1.115318124021136725e+00,-6.804691789109823530e-01
-1.060099886799536817e+00,7.013437250089347152e-01
6.017343022980741196e-01,1.820235535127377735e-01
-4.863067758173786337e-01,-8.229739116942855759e-01
-5.423439697187078939e-02,-1.945178438862884773e+00
5.235211306706228918e-01,1.149943607119693123e+00
-5.301892828027556653e-02,-6.810278002663826546e-01
1.346901734726092537e+00,-3.825370667915439088e-02
1.716988002427386195e-01,3.171150725184700203e+00
1.159231773236445218e+00,9.256775227257335592e-01
1.591755849556382163e+00,-5.878550381740961228e-01
-2.086478436076597831e-01,-7.394284329656383159e-01
1.628456346434318469e+00,1.400861002323599891e+00
4.462964379840449192e-02,-1.086056818820063663e-01
-5.362182470536103890e-02,-7.616394973089909426e-01
5.545129371999157203e-02,2.058840018847397368e-01
-3.973363827087037503e-01,-4.479787743610912920e-01
1.034972709568584781e+00,-4.969376023474159076e-01
-3.805636264557500648e-02,-2.132816841691086651e+00
1.497037077684120421e+00,-2.503993040349192789e-01
1.440428061906452006e+00,3.272893419846691354e-01
7.286044184615044772e-01,2.997078592875470626e-01
8.746205070784675017e-01,-1.206175751995895995e+00
-2.738803934067113310e-01,5.822791245187426412e-01
-7.708584110952572122e-01,-1.880477222941234205e-01
-1.060861762197490732e+00,-1.222105081292238271e+00
2.596474693690659641e-01,-7.538685202749929593e-01
-6.271827152100523106e-01,7.017435461048543432e-02
-4.990927201989801831e-02,1.883515413955710871e+00
6.573644282442084874e-01,6.398876015078488466e-01
2.489864215161032290e-01,2.956607592439661758e-01
2.081701618986255276e-01,-1.998808772611411655e+00
-6.808306273972978273e-01,-1.060440526344065937e+00
-5.580424791345567348e-01,9.225172769979387288e-01
-6.743998760447654783e-01,-1.311079606412307141e+00
-5.868436299303776416e-01,-7.037644595025015215e-02
-5.236256264135822347e-01,4.563203941094391425e-01
-8.973075917032662385e-01,6.604462773858361668e-01
1.115619611423690760e-01,1.095081517080081834e+00
-1.013596374886019724e+00,-8.911643590417809291e-01
2.077476026581778878e+00,-1.181549910213691490e+00
8.905137963703985138e-01,1.660523322231282350e-01
-9.149986768049285235e-01,3.689000588201929443e-01
-4.167481395298447411e-01,2.101422210755334984e-03
-1.213814913263427275e+00,-2.166082969427848282e-01
9.581522170176896003e-01,1.188472171244278952e+00
-6.309365759632232784e-01,1.282533336475680352e+00
-6.607713972211098907e-01,6.963262001104867371e-01
1.851357830651668701e+00,3.979286865243542026e-01
1.675376312146001467e+00,5.323214574886306893e-01
-1.371621892745298998e+00,6.097554199332548830e-01
-1.637082448571801352e-01,1.325898142476313046e-01
-9.874524052883512093e-01,-1.096488832231252708e+00
2.366143844481123359e+00,-1.421595223440004663e+00
-1.184247778147165808e-01,-8.192663132393557257e-01
5.491169827968328532e-01,5.598681559647333827e-01
-5.449545781220806878e-02,-4.987106702024805089e-04
2.608200070198458120e-01,4.048484420116656435e-01
1.176560517207634993e+00,5.068053506714930156e-01
4.086984432436389647e-01,-6.910596434706850477e-01
-3.545797942247226331e-01,-3.835855966705563058e-01
-1.060606963496846689e+00,-3.310590227760659698e-01
-5.023399830959529577e-01,-9.294925801564292156e-01
-1.073494415746103936e+00,-8.212163343548273264e-01
-9.288235845685735015e-01,1.189712028315041553e-01
1.102266099533402821e+00,3.321348878877644073e-01
-2.558470529058605170e-01,6.877259106608368810e-02
-7.682043285526902743e-01,2.249264205320744836e-01
4.819352311551725609e-01,-1.871026510644600294e-01
-7.144809221832066903e-01,3.720526939143796175e-01
-1.162407328421322328e+00,4.608929254949145071e-01
-2.736174329416853457e+00,1.203466460769386570e+00
-3.914920821807055806e-01,9.385204622536034991e-02
-8.805178104798477845e-01,4.357749377570588334e-02
1.268331117091999527e+00,-1.043830990469966080e+00
7.163652030739504906e-02,-1.033769520282202592e+00
-9.936007758066675577e-02,2.342824279717703906e+00
-9.592209385191136084e-02,1.501927274220428155e+00
-1.512585445398648698e-01,7.654362720719222191e-01
-6.993364381802512630e-01,-5.489756824062428375e-01
1.239788156257077972e-01,-1.428266600878300929e+00
-3.961406534748291297e-01,-8.901402663170232543e-02
6.339864060801301271e-01,1.037037137218953742e+00
-3.213586017503491932e-01,5.867057814154347239e-01
1.096368258394999629e+00,3.605307340641366043e-01
6.308796180612837867e-01,7.640541170349428590e-01
1.497007387911402365e-01,-3.224620694045834957e-01
-1.086445634338245370e+00,4.594174160189579692e-01
9.650237466990931878e-01,2.220761091644075869e+00
-6.400890327718824491e-01,9.576287623960713091e-01
8.654829048478078490e-02,-2.658256491296918655e-01
1.176162021714203948e-01,-8.510766626196943907e-01
9.038837854112985459e-01,2.561395132935275765e+00
-7.375196696664563234e-01,-5.823749666303607020e-01
-8.924675322543285105e-01,-1.232346048797442695e+00
-5.281702337105977085e-02,-1.557604601286940449e+00
6.705931612865876357e-01,-1.012197044864727058e+00
-1.471391214757474808e-01,3.346415585006343729e-01
-7.333741721339687158e-01,-1.442137231552149679e+00
-1.570688507573138937e+00,-1.004311565585818133e+00
-1.159320671701331351e+00,2.569259450661332433e+00
4.830710399974568747e-01,9.276267538660323275e-01
1.118980619102917379e-01,1.143497299502756803e+00
4.483377885068183868e-03,4.747521164688131567e-01
-1.120498341457481839e+00,-9.195976988203348190e-01
7.290508250648762567e-02,4.115294673091384747e-01
-1.435343033007407121e-01,-1.240015623628904162e+00
3.857346403276091795e-01,-3.261089254126244286e-01
-2.644785163643403880e+00,-1.295896484615240540e+00
3.692970041630587175e-01,-1.833416404630763830e-01
2.070968153687145485e-01,3.352286459829204035e-02
-2.411202549716955357e+00,-1.373454909910663879e+00
-1.072288890054333699e+00,1.340129372740182845e+00
-3.320420537517305148e-01,2.837824219919971025e-01
1.921183274668204488e+00,-4.867488286719192647e-01
7.675382344149298541e-01,-9.726901342071410106e-01
2.916275070440216971e-02,1.501609364248703837e+00
-2.347029269162321796e+00,7.111522885723651211e-01
4.457991818086397551e-01,1.243153378500208905e+00
-1.579462267586838609e-01,8.052209982493843121e-01
-4.611887392060288748e-01,-1.388594521045245056e+00
-5.691933687252911378e-01,1.223333257617693182e+00
-8.593116365411161972e-01,-4.934218337107902919e-01
2.193231494861999753e+00,-6.571864606490486482e-03
2.381912389794451496e-02,-6.707378564542935129e-01
-6.822135709305395812e-01,2.128711939664180264e+00
-4.266103900003880706e-02,1.358795032810776071e+00
-2.210088602197271435e+00,3.557553894872295674e-01
-9.928974505801323180e-02,-8.780645834401611394e-01
-1.136684251940922818e+00,-2.844365183194195179e-01
-5.681772311732956604e-01,1.304869247636615270e+00
1.011593408280764272e+00,-1.388602378548156047e+00
-1.147194967464206572e+00,-5.907930620548124123e-01
-1.871912157777238239e-01,9.949745482022749332e-01
-1.309869614220924294e-01,-4.732849500069185034e-01
7.453522684252616992e-01,4.957111236798418807e-01
-8.656058396177265246e-01,-7.416064637625989775e-01
4.922817776131110379e-01,-1.958596506038031038e+00
-8.455356369955213669e-01,-1.598381760893010373e-01
7.459800947538014482e-01,2.571508587109496147e-01
1.232480295168927764e+00,-2.393744827665292174e+00
1.392037121855287385e-01,-4.668551505538822144e-01
-8.764437460382685785e-01,-7.290309495679163643e-01
-3.626852180866832476e-01,-6.202771797843761314e-01
2.100141495607601883e+00,-2.473053941599193672e-01
-7.523215513888352746e-01,1.303597082304519983e+00
1.575447727745127535e+00,1.608613406776509547e-01
8.085442132827754813e-01,-2.263051898782379168e-01
-1.825958476671962982e+00,1.801745826849416796e-02
4.033133297224766878e-01,8.216380505887738162e-01
1.041392362392079773e+00,-7.856980508901623139e-01
9.360551514852530897e-01,5.188652540977719552e-01
-4.412269008190414787e-01,5.186464887275567953e-02
1.412894979213097368e+00,-6.502051631106032792e-01
3.906610893699073439e-01,-1.655306579016750934e-01
4.111116476592170943e-01,-9.430867682846808542e-01
1.457851446948097873e+00,4.034609750805506767e-01
-7.783692007691840609e-02,-1.879986063738309676e+00
-5.475607247513932796e-01,4.372735489004038745e-01
-2.845893313961420090e-01,-9.864842277427755546e-01
-2.363573613692380615e+00,2.638949030919283678e-01
-1.127040945468039679e+00,-5.941406511162863335e-01
9.624872831329680523e-01,2.566733244878901532e-01
-3.009474122194746859e-01,7.857742507272671428e-01
2.328177510815528650e-01,-1.646260052681979696e-02
1.022520879476946476e+00,5.819657354675018546e-01
-6.455368669556412753e-01,-5.826366210793829659e-01
6.484663313832107479e-01,-8.730585932417128658e-01
-6.515525172322702563e-01,-1.611404800712358698e+00
1.811827590133932020e+00,3.691170262355683573e-01
-1.347113795026900207e-01,7.749472332806429664e-01
-1.313506636255825644e+00,4.825654454076915012e-02
9.218054597505221937e-01,1.514976743537165271e-01
-4.641089070040679831e-02,-9.406105454250879294e-01
-1.666151232575706631e+00,-2.446432287510974302e+00
-1.402459871617757758e-01,-1.066571195592354249e+00
-7.617784449787246004e-01,-6.047895311232140969e-01
-1.199942965428600905e-01,1.174339597509325372e+00
9.810041685413659618e-01,-4.794616919293090418e-01
5.623693802618672244e-01,-1.102075607161456805e+00
1.124415579586486302e+00,-2.710471841327946052e-01
-9.100442953529569445e-01,8.624665803376364570e-01
4.565680010559757807e-01,-3.557898046742499765e-01
-2.212993479155927479e-01,7.443736553286337543e-01
-1.617381231524919416e+00,-7.710251299948960302e-01
-5.840068603502479583e-01,1.192982397724866583e+00
-5.524566744089327575e-01,-2.721618306912963470e-01
-2.235784534733352480e+00,1.229928870197194435e+00
-4.229283411396195791e-01,-2.240860111386069775e+00
-2.264892887408218036e-01,-1.392022448210209762e-01
2.986683279501212152e-01,-8.600143922841908539e-01
2.469884069662870163e-01,-1.192161262887991430e-01
-1.091058683979652555e+00,-5.696727745357812456e-01
1.151150996384226799e+00,1.968300222634083996e-01
1.457134274792978745e+00,3.191542965035872315e-01
-2.339772939478149905e+00,-1.362134459401408204e+00
-1.940028200536864755e+00,8.730523158450412824e-01
1.236400012279902372e-01,1.191786210857584294e+00
1.428394716253532204e+00,5.678421294916692341e-01
-7.280790793676171768e-01,2.306942180130237552e-01
1.594863196338494715e+00,1.552299606987486369e+00
-3.624452367468012359e-01,-1.035895673681451079e+00
1.337834890795610798e+00,1.215147741186099584e+00
-1.454569057581139857e+00,-4.908822673207665632e-01
8.292905302798566636e-01,2.487272987538825253e-01
2.997989695087979189e-01,-3.523109968964225902e-01
1.153536919482111012e+00,-6.002803526355932062e-01
5.207158979700966528e-01,-1.378814839465796860e+00
2.718606993817088924e+00,1.374020322656251514e+00
-7.214695878797615647e-01,-1.930874430688524823e+00
-5.125416410493720439e-03,3.151388809744360420e-01
4.030288266067339614e-02,-1.156788157856075555e-01
5.781370867413639925e-01,8.797213845475834182e-01
-1.073816381254508956e+00,4.784465179598922091e-02
-1.832722860618912764e-01,-8.710160475140094061e-01
1.820524785713821814e+00,-2.334126419146972109e-01
2.828209055343655631e-01,4.978613599148730140e-01
8.527223033062832913e-01,-2.121376994500206170e-01
-1.030229214221190848e+00,3.476937656800954679e-02
6.684376015570896168e-02,2.412544828756001958e-01
1.113568479535369526e+00,3.662904851773592707e+00
-2.075873641279765702e-01,-8.580160223105628425e-01
1.961712498795267490e-01,-6.938070688173355594e-01
8.702186436759993260e-01,5.813941842067609223e-01
-2.096795562741531338e+00,-1.358711808494128537e-02
2.284416317826030163e-01,-7.778914786597314057e-01
1.643426331477880975e+00,2.527347457817527010e-01
4.486821989538303246e-01,-7.128956599927096516e-01
-1.440759851900902833e+00,-2.448950010931884580e-01
3.253322236825920144e-01,-1.119040986821297157e+00
-1.276671162015736938e+00,-2.319045926389442513e+00
1.659664924815889842e-01,-1.552402915210590872e-01
5.800542596075897173e-01,-1.859989010066027681e+00
2.949453362094786035e-01,2.151865079695801430e+00
-1.567173388120114697e-01,1.333004028162992460e+00
2.274455560291524514e-01,9.853793266841566201e-01
-8.136029352498653777e-01,-5.052692212412704387e-02
-3.086382575753082724e-01,9.389732085414927987e-01
-2.401299414935951670e+00,1.234732693515141255e+00
-8.069901098478804435e-01,-8.413715319143522109e-01
-8.695969422368851065e-01,6.996885350910327928e-01
6.379264267676149069e-01,7.627032511514011404e-01
3.999589400923649340e-01,-9.490043737194018281e-01
-1.186704786916736643e+00,1.202311918340591701e+00
2.774966413930310405e-01,-1.716542786829280964e-01
-1.073591726030751481e+00,5.321636653967567465e-01
-3.037343549149499888e-01,-2.983960633754148550e-01
2.353399083227086241e-01,-1.090125224453519337e+00
-8.431760345715184901e-02,-7.458076949539690914e-02
-1.803450342083640745e+00,1.305724520919121723e+00
-1.593774971039475796e-01,2.800433268758057426e-01
-1.212416278550649124e-01,-1.964584292531007526e-02
-7.722649415381259708e-01,-8.312325865349153853e-01
-8.170459148102617863e-01,1.326019036995404576e+00
6.826277332586212498e-01,-1.038110886890484030e+00
-1.717465280615802614e+00,-9.069372905966006648e-01
1.374041928402195634e+00,1.999358935198375598e+00
3.641007321873121483e-01,2.349339778015974156e-01
-2.236288734146667789e-01,5.388099802664620963e-01
-1.291899286961972537e+00,1.671364453282670956e-02
-2.099574876851892036e+00,1.005954443890729744e-01
-1.073982008270154276e-01,-1.313065232517479863e+00
-3.038810436430249007e-02,-4.558091334931113625e-01
1.041926457778648452e+00,1.234641872722324618e-01
-3.242593800020408534e-01,1.366362708203578746e+00
-6.312971402276539301e-01,-6.914231825967139811e-01
-1.448620346932251168e+00,1.072754050159507311e-01
-2.404307142051182733e-01,1.068744054408087285e+00
-6.239880964261415031e-01,-9.131379137913535615e-01
-1.330103258765394703e+00,-1.495753522789873002e-01
-1.101952697627901268e+00,-1.227414371300053347e-01
8.668344301433619226e-01,-7.903344598470295468e-01
-8.615133159677879071e-01,2.763882823441870529e-01
-2.297927434646156175e-01,1.037421583669825981e-01
-9.167118359064827526e-01,-5.798661568110948794e-01
-1.043039807168931604e-01,-2.875840053249608119e-01
-3.089909792791790122e-01,4.202773214359576959e-01
1.812679110053252302e-02,4.138956158819716569e-01
1.633907245730465307e+00,6.525813049609533456e-01
8.570038684565634002e-01,-6.638843099850383345e-01
-6.033087563675235687e-01,-7.701542695214826928e-01
1.172041178589315336e-01,-1.440749610968724004e-01
-2.355535144168373896e-01,-8.714822944221128909e-01
3.876193843637718017e-02,5.811016387201352051e-01
9.439481657684805072e-01,1.295428808193536119e+00
-1.963831600339690064e+00,1.097200465379497558e+00
-4.898170187656529784e-01,-2.068430697271625152e-01
3.719590774303563330e-01,-5.132806054200655943e-01
-1.302805509319579391e+00,-1.850029190989420647e+00
-8.950913079122814475e-02,-1.257993826362719669e-01
8.414996476828269234e-01,1.178705886597702257e+00
1.936987217139955586e+00,-1.490585515773621639e+00
1.212713096945076119e+00,1.242190056092261630e+00
1.939398835428820744e+00,-3.136582959676844640e-01
-1.243560388103646108e-01,-7.781275203223221304e-01
1.004655355568640829e+00,-9.335128967817859502e-01
1.567140380944562317e+00,-1.612885936559629085e+00
-9.466257209384443261e-01,-5.917699386921907280e-04
1.412659514065359445e-01,-7.564468625534760404e-01
1.597018506908466140e+00,-1.322799116039826250e+00
-1.122131746328666191e+00,-1.213223803073536500e+00
-1.058973941158603216e+00,-1.225230212791931644e-01
-1.119462445497671377e+00,2.887567089393018316e-01
1.933510425012348932e+00,2.571925142621624083e+00
-2.587954638524645468e-01,-3.369272711345052129e-01
