-7.993955638485575679e-03,-1.078230476209122601e+00
-1.188795459567363808e-02,-9.076339374935682436e-01
1.406673020934721796e+00,1.602227519987304838e-01
2.861620552007330676e-01,3.102438348788270073e-01
3.638076445526400304e-01,1.763954519451688963e-01
1.290177536830993343e+00,5.345515612643302328e-01
1.169923204408569006e+00,-3.619913754029401298e-01
-1.071986724350625142e+00,-2.409124163499956062e-01
-1.729290665186873799e+00,-6.406772357338543777e-01
7.716938561114498052e-01,-3.267992206457807081e-01
-1.305259240444867075e+00,4.426800631744554765e-02
-9.460685781644229131e-01,2.557153776187728877e-02
-6.386323633437710479e-01,-1.150290883463234382e+00
4.632283359332908801e-01,1.056104900042156070e+00
4.989108204534754842e-02,1.730936665714740252e+00
9.746805108310616639e-01,1.061066302325991417e+00
1.025896766651193337e+00,3.782814771631549250e-02
1.096042151424806876e+00,-7.725319000548628301e-01
6.114096712411543066e-02,1.844376648319117074e+00
1.834133603323926165e+00,1.085101157634679403e+00
-3.310302110657884489e-01,1.902449845571289710e+00
-7.464453914887224650e-01,1.589170056092629402e+00
-6.850185460075574051e-01,2.237461952792148434e+00
3.223052655150027701e-01,-1.758334916667907866e+00
-9.853416007053616976e-01,-7.565968273601708649e-01
-5.469835912360849761e-01,-1.073098571938002843e+00
-6.833525608755840475e-01,-3.295470285799853460e+00
-6.732083154281544024e-01,-8.797268155134505552e-01
1.051703075910116025e+00,5.948423372135519527e-01
-5.543835048107977892e-01,6.391628621893927775e-01
7.420917808475041566e-01,-2.312749261378808374e-01
5.328557168569385549e-01,-7.079271880682116436e-01
-5.864103717833530904e-01,4.438641738730401132e-01
-1.197712033392588915e-01,6.008938303515128920e-01
1.214854114003046243e-01,6.992937553640017345e-01
-7.474563988125511038e-01,-7.181185214039335074e-01
-1.116082993570752940e-01,-9.382614378256374232e-01
-5.195370504871760220e-01,5.987684139733036037e-01
2.560567172024058036e-01,8.388539649341071325e-01
-5.250606796965783252e-01,8.254406775167548727e-01
5.727620451698596238e-01,4.542799489443453131e-01
-8.409923637739745717e-01,-7.138257224441152404e-01
-4.085446820437432236e-01,-5.424488804180490620e-01
-1.180698473143832139e+00,-3.374719502476717925e-01
1.260101899889090493e+00,-1.121502149995598774e-01
-1.275025178805332948e-01,3.875344257804039239e-01
-2.319122548464800926e-01,6.430102408338798092e-01
6.105190135540001783e-01,-5.721289933231934466e-01
1.429077619897357820e+00,-1.339646839111728049e-01
-1.538601815036743981e+00,-3.499242953578479143e-01
-7.381870032726239872e-01,-2.326927009076408537e-01
-5.971878422124121677e-01,-6.401794264830724772e-03
-1.615984023131207481e+00,-6.854924364262193759e-01
1.688695178984451317e+00,-3.427433387480369881e-02
7.054334534285379155e-01,2.950850203410829486e+00
7.066025741883296130e-01,-1.162711515767441917e+00
-2.862373531615800548e-01,-2.236930298976743892e+00
8.702137310512152168e-02,1.739323718942064612e-01
-2.238866641786896761e+00,1.541874188260185630e+00
9.974746430890190085e-01,-1.933223164395642679e-01
3.712234893555867443e-01,4.136332337168114881e-01
-1.859592521376540464e-01,-4.198220015478599243e-01
-5.771728951857205692e-01,-2.837690725470180197e+00
5.711697195769194213e-01,-1.205026551126980205e+00
6.501995872450697656e-01,-1.636802352662060089e+00
8.502890803843868861e-01,-2.554104522095586565e-03
5.706415201008256943e-01,7.263050442100215109e-01
1.609435719371869744e-01,5.251633057075670852e-01
5.699268842622829956e-01,-1.443568206226725770e-01
6.836154747998987036e-01,-1.060953676367359932e+00
2.224563222841944299e-01,1.046114774108519052e+00
7.593312277606070193e-01,-4.229239080781262428e-01
-3.990324475532253667e-01,1.902255322763946044e-01
-4.520671067671788168e-01,9.932765533705076866e-01
4.589112225684706670e-01,1.478881990694133064e+00
-3.529223501568197197e-01,-1.570268119467392240e-02
-1.145799139273009803e+00,-3.314998731985130398e-01
-3.176849993088256552e-01,2.052402761232274275e-01
2.190680166219396985e-01,3.259407055362340544e-01
-1.116740073971015157e+00,5.868049855903839651e-01
-8.438847490331053969e-01,-1.480481411404179770e-01
-7.070351569343168441e-01,-4.009337152795580117e-01
6.219883864440743926e-01,-1.553794603141566810e+00
-9.489207751341048880e-01,-1.262231852659626785e+00
-6.293781482003139860e-02,-5.592926341929637529e-02
1.302924485097778362e+00,4.749144972502621354e-01
-1.711983373533924324e-01,-1.999805582081846334e+00
1.292179935610421992e+00,1.144596960908577543e+00
-2.736377519982152173e-01,2.790812830840130876e-01
6.363855584904734020e-01,1.607374128415262060e+00
-5.179048068620266676e-01,3.134536678871676862e+00
3.293474187169626033e-01,-3.717294289046950140e-01
-9.951445376033446477e-01,7.073143967528890963e-01
1.021567130297308251e-01,-1.454105877524558110e+00
1.261321007150470130e+00,5.698948395840002235e-01
-3.931120060810197048e-01,2.217151633133397359e-01
-1.946286367812635643e+00,4.788679698811658114e-01
8.602303350758674656e-05,-1.385478674495014495e+00
1.554459317079321723e+00,1.599986181717608646e+00
8.871410429832338185e-01,-1.271248342173392221e-01
8.167414370137139612e-02,-3.502160490824853256e-01
2.581552057019477764e-01,2.547610942960106262e-01
-3.270308773018672510e-01,1.489700528644720023e+00
4.200489900878152660e-01,-6.389133827519077879e-02
4.732803445924020913e-01,2.815740888893421556e-01
4.904281846490010088e-01,-2.787036231401335828e-01
1.598452699447595826e+00,-1.876239846997798111e+00
-1.008757892536114475e+00,1.065682627024458151e+00
-1.363875453264515869e-01,7.836399441583308256e-01
-1.349936816862513211e+00,3.083251364315979792e-01
-1.545650024552970292e-01,4.943155749449953951e-01
-1.887657555485239558e-01,-1.038402146490515987e+00
-1.071482362985472392e+00,7.599332710085751064e-01
-1.515062512799268402e-01,-8.117291838128246062e-02
-8.869764744759727204e-01,-4.344035611358577631e-01
7.448352074391163535e-01,6.524475920168881782e-01
2.151016883935041868e+00,2.386039491322879513e+00
3.476750910339206913e-01,-8.287205826698792466e-01
1.170903196839137399e-02,3.359549879203010958e-01
1.330387586754959717e+00,1.053465840649309815e+00
-7.190543874995901641e-01,7.361977607288849867e-01
-2.011767391454662324e+00,-5.337936977553150442e-01
-3.063995229521883357e-02,-3.009120126203580492e-01
-5.788334823809992979e-01,-2.586443787270554573e+00
1.981833918616878742e+00,1.702190510447992577e-01
1.830171831891960643e+00,7.651640009335657355e-01
7.496390964464847428e-01,-1.294563874122216962e+00
1.996801341204726132e-01,1.073568846476732119e+00
-1.369551661353314853e-01,-5.418999574722517254e-01
-2.343642778945527194e-01,9.119524107600772700e-01
2.066012072952937706e-01,-1.164185929576194267e+00
-5.263776914049830280e-01,-6.054842441211237825e-01
-1.445651012960594617e+00,1.015954795081427164e+00
-3.100393172098635519e-01,1.817948537144511878e+00
-7.344154702660353473e-02,7.588811179569965315e-01
-8.304673955608996572e-01,-9.654433349790756402e-01
3.847456241816014644e-01,-9.430224026568599927e-01
-3.161575400098919353e-01,7.378345730616956422e-01
-4.428049585709710745e-01,2.450926561871255849e-01
-4.207858782825158461e-01,-1.142740592468302285e+00
-2.182267923910419682e+00,-3.456028792938363181e-01
-3.173729943340036219e-01,-9.168544480461083834e-01
9.954807494098149023e-01,5.899356924287704196e-01
-1.236665286454564860e+00,-2.035389222421712940e+00
4.049087380631976596e-01,-1.087328407838629385e+00
4.415479098796580848e-01,-6.591982448806423811e-01
-7.490444681358978674e-01,5.224975427753256740e-01
-1.711074023241500930e+00,-2.705427387685904184e-01
7.609357469281464725e-01,1.714876022357186558e-01
9.381579046297444657e-02,8.201688889589037190e-01
1.640523142777689514e-01,-9.360763055133561883e-01
-3.709387061125667184e+00,-1.192982007266429001e+00
-1.036309966242610958e+00,-3.887747948336631870e-02
2.142229406813257686e+00,5.701901744510801812e-02
-2.095301643686893200e+00,-6.441078848805360524e-01
4.744798923956492498e-01,1.485751617908248612e+00
7.870879514988201597e-01,-8.809151371953386489e-01
-1.215676372688296647e+00,5.003633751070767355e-01
-5.416125931649126146e-01,3.325695506419371061e-01
-2.645864864279628415e-01,-1.844892662522327420e+00
1.539641449837028553e+00,-1.176026235437688916e+00
1.160053099220586525e-01,3.428688347856067437e-02
6.263909103737672623e-01,-1.425079284239175070e+00
-4.123178576217376851e-02,-1.125538486022149703e-01
-4.678664626451076863e-02,-4.644571816657306895e-01
5.683167853625173960e-01,-1.674219538668145768e+00
-8.088395784676944977e-01,-2.276824412488875557e-02
1.761477415779261896e-02,1.080733114872563627e+00
5.080921438335420648e-01,5.193100023283233474e-02
1.963291591796333113e-01,-1.346116266229651970e+00
-1.682331453736722437e+00,5.521556371903449945e-01
-1.608806491055522203e+00,1.331430612293431182e+00
2.346540512083524974e-02,-1.905597718863786483e+00
-4.130376637864723866e-01,-4.198723536332081840e-01
-1.286265548040674278e-01,7.132879513065805144e-01
-2.694455858544797078e+00,4.410135724733088014e-01
2.286687797477076067e-01,9.677756528010129644e-01
4.418906813313757675e-01,9.639277586202971149e-01
6.000899624206399441e-01,5.674086283226078414e-02
3.904039838178046534e-02,3.560254299207473161e-01
1.904618770321759413e+00,1.524811345970259691e+00
1.374666314527367206e+00,-7.065216873795177044e-01
1.139570472465440965e+00,-1.355166158399524923e+00
2.689184266329840423e-01,-8.442931692822230882e-01
-2.122637906278406650e+00,5.205466693378729692e-01
-1.493116587266195339e+00,5.960925156355562082e-01
1.037466241569103609e+00,6.434158776925080758e-01
9.665892793994658172e-01,2.770287319987605912e+00
8.282181788671395539e-01,-9.345648051674286805e-01
3.412628752885243366e-01,-1.485872685371502744e+00
-8.852826764633393575e-01,5.856192183100787929e-01
4.083915098746088712e-01,1.093725523113440623e+00
2.870666939556334452e-01,-1.413569170872651659e-01
8.371775521435488310e-01,-7.284314483920434347e-01
8.819179033416121305e-01,-4.806229417496273304e-01
-3.902267278251101978e-01,8.503916094904439005e-01
-8.435273280374460114e-01,6.202276911169480877e-01
-5.502523602664467495e-01,6.283375030287344787e-01
4.695163164119178223e-01,6.408317766431619322e-01
7.534337106903350456e-01,4.588337825211009635e-01
2.441087363381708453e-01,-1.586220220607308384e+00
8.029382622114437096e-01,1.034066645229949621e+00
1.419261848212444832e+00,6.551469899262276630e-01
1.659541969162375841e-01,1.075592086117340695e+00
2.154981408349059251e-03,5.693157963317203585e-01
5.362368651799531705e-01,-2.582313525217478922e+00
5.849144654441270630e-01,1.386691545389640678e+00
1.071861880110581700e+00,-1.237581431384658481e+00
-4.841591070399191982e-02,-4.366020728327789369e-02
-6.802324631376210906e-01,-5.527596807044983240e-01
9.252895899238389177e-01,-1.066115732503206015e+00
-7.079033805743278895e-01,-1.376809074445579650e-01
-1.651353837701418970e+00,-2.587626895838346819e+00
-2.258491237511587091e+00,5.191951050573375692e-01
3.304263812963601499e-01,4.528002731018294647e-01
6.225266696626092777e-01,-2.637021238946323232e-01
-5.370144409841921540e-01,9.153385035463778019e-01
-5.324067985337100489e-02,-4.775359938876591777e-03
-1.183619641772460929e+00,4.157514786058287837e-01
9.590860191905045129e-01,8.174153659627210189e-01
9.226621257177551882e-01,-2.094625882519391136e-01
-1.216465056843151427e+00,-8.537947513334782634e-01
-6.490038668876043637e-01,-5.876630957389339383e-01
1.022584737084832440e+00,-1.086826110031760662e+00
-9.386658707856487815e-01,1.194140085245715799e+00
1.808335715749137984e+00,1.975931087019618670e-01
7.906117282168965144e-01,-1.063674223604297975e+00
-1.347350819956817825e+00,-9.340469756790641398e-01
-3.266665166029731338e-01,8.230165444637184066e-03
3.666483361584416678e-01,-4.110183373679480723e-01
2.922286755529986402e-01,-8.609434181729372915e-01
-8.235028060555270590e-01,4.633535627732031092e-01
-1.025693915930844469e+00,-1.842047541080391371e+00
9.691251527814237487e-01,4.207102167071200549e-01
-9.493472287103672524e-01,-1.638437900469833064e+00
-1.065478849975765030e+00,-8.497485618369349236e-01
4.221297272468625406e-01,-1.310671457282894525e-01
5.090378312114468562e-01,1.530832226800178608e+00
8.899767494875718832e-01,4.984345153259470140e-01
3.721329278297361709e-01,-1.298186990349803560e+00
-1.945762251186207992e-01,-6.224813575237270191e-01
1.464187433993106580e-01,-1.327467419718818320e+00
-1.008291387163387176e+00,-6.787019368281432818e-01
2.125536131462404665e-01,9.874771293203895572e-01
7.235209093852179585e-01,-2.017259099114969978e-01
-1.232905003594999105e+00,-1.872387727104005251e+00
1.931366019629562059e-01,5.831354501203542817e-01
-1.012812963140579781e+00,-3.176392769709902864e-02
2.780961312803706953e-01,1.486474053600957967e+00
-5.199296410576199623e-01,-9.196216113636538347e-01
1.702322671246335295e+00,-1.026631680082392695e+00
-6.291186049011220360e-01,2.074138400854434128e+00
6.056197872869053395e-02,1.006312485515247657e+00
-1.152280603071466000e-02,-2.017972262233763914e+00
1.226814994831382011e+00,-5.727277863624000709e-01
4.104221767699792189e-02,-8.322164381832415359e-01
-7.021742027325710289e-01,-1.355669425552100460e+00
-7.838625718713566615e-01,6.815332428082453153e-02
1.327544710458321120e+00,-3.439943693032073702e-01
-9.217300386353572961e-01,1.090043567273407454e+00
9.545941109212562337e-01,1.256133231807879280e+00
5.080297597426822742e-01,-3.299802514696941191e-01
-3.759564073713842491e-01,-5.284694370264048091e-01
-1.964903631120478444e-01,1.124260573862767565e+00
-5.970526611365312153e-01,1.568701197478268861e-01
9.822574347351635815e-01,-8.641194661198867699e-01
7.153263948116331816e-01,-1.356516949673976624e+00
8.899553946494861423e-01,-5.839298945413736730e-01
8.257124119302469145e-01,-2.195751885482782884e-01
4.830149348013853539e-01,5.301726919352158784e-01
-7.530938377073476131e-01,9.863149494094903824e-01
3.240144118365149706e-01,-1.703175967719777195e-01
-3.970332312845366030e-01,6.486395302537005803e-01
6.685617387710809378e-01,-1.179330362667768917e+00
-1.507458636282474451e+00,7.617395443858488990e-01
2.184819684228806569e+00,-8.283778407232675889e-01
2.385128258179673201e-03,-7.423163805604854337e-01
-1.947212317122056335e+00,2.280053566518241426e-01
1.638607742009361656e+00,-2.389197426352106524e-01
4.846412668877093100e-01,1.821883786301611519e+00
1.073250569164170498e+00,1.188334140539295092e+00
-9.962419500628826308e-01,3.318222560139487132e-01
1.194794904287356019e+00,7.343388635760038641e-01
-1.024863116561907761e+00,-1.056662627290149592e+00
-1.638079531792591581e+00,1.891448871153315059e-01
-2.718637177891921386e+00,-3.062784080839802692e-01
-1.481847434231524430e+00,2.173219186474527054e-01
1.187865194740784114e+00,5.412393083513835634e-01
1.344283400707725340e+00,8.217692398164717638e-01
-2.622057620841318215e-01,5.164742297032293150e-01
-4.323742814333286083e-02,4.223166755004094108e-01
3.034513462505212811e-01,-1.165430295092888757e+00
3.017691945343423665e-01,-9.530228655272615645e-01
-7.458305793998433186e-01,-7.629266911105643256e-01
1.311780985809423150e+00,-7.502608938944907990e-01
7.226726957335943835e-01,-3.683595121711578102e-01
-3.284297169465639765e-01,1.904137244103932369e+00
-2.404878617632863147e+00,6.332946463009765381e-01
8.857873497344903591e-02,9.389761026025230661e-01
8.484205236449493537e-01,1.998542872714677232e+00
-5.977561200299846833e-01,5.434159661114571632e-02
2.680439232733692112e+00,7.036873531533145432e-01
-3.024162279679808996e-01,-3.436255206475651285e-03
-2.913681022556717792e+00,5.012400479452144841e-01
4.990705425785716964e-01,-1.251787247892514943e+00
2.721313388246316411e-01,-7.790355053009958564e-01
-2.904613567019956877e-01,2.431809583884297077e-01
-7.173543550691633408e-01,-9.688354957632970832e-01
6.246855923786346354e-01,-2.303750067177516014e-01
4.966291117580455827e-01,1.592363890063437093e-01
1.306992138881358123e+00,7.408294476823692673e-03
7.709153684991815192e-01,4.839358642722710324e-03
-2.886401699221499695e-01,4.463226088365657707e-01
1.669571761603851456e+00,-2.298013981389714910e+00
1.340045210257929220e+00,1.556211668796133596e-01
5.226483512033012202e-01,-6.897405411189531099e-01
1.191084163014625830e+00,2.679916538823792216e-01
9.905353135491752614e-02,-3.409271376383755103e-01
-7.321933211419991983e-01,-4.033433512587851766e-01
3.179299984287068392e-01,-1.093428411855735805e+00
1.635206166131671912e-01,2.108404946422564874e-01
2.345257353682259072e-01,-6.785930558042306826e-01
-2.148524248407359533e-02,1.793611434033787200e+00
1.433015456317951797e+00,-7.619273866127866945e-01
4.540928711977387788e-01,-1.694333192525517284e-01
-1.457860865206861867e+00,1.663687646905615658e+00
-4.742418396128361135e-01,6.099286375396380244e-02
-8.560357394450167634e-01,4.552189749885495740e-01
-8.985022139379326145e-01,2.553062631115618139e-02
1.166252262741286350e+00,6.983921749982495708e-01
-7.002039725533560910e-01,1.730515272927653503e-01
1.240688090355064332e+00,6.261041974120878928e-01
5.193600746106923349e-01,-1.228088899493270603e+00
1.002529371778634326e+00,8.256261558489276231e-01
8.712257161975758279e-01,-2.764535253706322179e-02
2.533838432532204421e-01,6.474200407147074898e-01
-6.245747925333494655e-01,1.935153724680639842e+00
-8.739947256613932458e-01,1.761787495374936632e-02
-1.556217675908741493e-02,3.800025722420556917e-01
4.363827639268613723e-01,1.234060923636997709e+00
-2.938581158366632487e-02,-1.195050149713004606e+00
-8.922427054093309273e-01,5.666718602339436694e-01
-6.985277810945128563e-02,-1.121201350028302013e+00
1.593134024185299369e+00,4.352870110297468176e-01
-4.394196394492961288e-01,1.392493609611375804e+00
7.736719633988428102e-01,9.899854501934576279e-01
3.421685730695136485e-01,-1.011396000702795783e+00
1.043287682119191651e+00,6.548723225435358897e-01
1.525386967635189661e+00,3.860521258626257723e-01
1.456878873876531033e+00,9.759576545421504157e-02
-1.208217846022804576e+00,-8.028370400211468638e-01
6.222878738920120112e-01,-2.216446866222271606e+00
1.421976807146870803e+00,-1.050980595953519892e+00
3.026864221660893750e-01,1.334503584900448958e+00
7.937942490896422454e-01,1.322622649773929737e+00
-1.013758346480780448e+00,2.652864337030503283e-01
8.355606297966278184e-01,-7.860021605454543536e-01
8.966662972917649466e-01,1.985744621987567959e-01
5.314793216201370019e-01,8.462989587425415738e-01
8.469032711354866905e-01,1.694901403100243786e-01
-1.569161308328904436e+00,7.980104575369906250e-01
-8.970262627152154888e-02,-5.811481067119407262e-01
-1.430332562891913906e+00,9.979250612544546817e-01
1.480722047426500598e+00,8.443836256080269331e-01
1.059645310304671906e+00,1.071820753348202704e+00
-1.825654873987514915e+00,-2.582712154287244988e-01
1.680317641164808529e-01,5.976687423097037932e-01
7.398838264592684510e-02,9.665150944499186769e-01
7.014820658166708300e-01,1.073764670726269133e+00
-1.731097360864959800e+00,-2.308626598693565846e-01
-1.205743136676589611e+00,-1.665229033395352123e-02
-1.979923061051858779e+00,-5.413795353490400419e-01
-3.154976934199356375e-02,1.175670154502630238e+00
5.524882530600420116e-01,1.251198106984518388e+00
-5.126828569443462810e-03,-2.168473598296494498e-01
-4.603443948976915778e-01,4.777772565133519556e-01
1.337983217898820687e+00,3.172806752867363134e-01
1.319761018807156239e+00,-4.723357249472021069e-01
-9.111309578626943795e-01,-9.827714402685513440e-01
1.429111360572789813e-01,4.318282577788196824e-02
-1.497326163406949240e+00,-1.234030926598731925e+00
1.275481872104484271e+00,1.387927267705096668e+00
-2.470629607203480127e+00,1.521031724746855218e-01
8.969776000636398017e-02,4.031972194970716017e-01
-4.132379446744209872e-01,9.698201650081589298e-02
-5.827378176187052450e-01,-7.166590043535876475e-01
6.651450552871572830e-01,8.247089774815868912e-01
-1.245884791623553395e-01,1.240516863204125686e+00
7.981496756420769501e-01,-3.706308642582563095e-01
-1.875036539681674830e+00,-1.274921742794915769e+00
6.173532603820915954e-01,-1.432112898400637879e-01
5.095389808180151858e-01,-1.227210528623650321e+00
9.396378458728069094e-02,-6.330432133241019332e-02
1.566882107357467080e-01,-1.514869491230433907e+00
-8.586385322730410996e-02,-6.634944823804459491e-01
1.474399400884650602e-01,-2.287798168670597043e+00
1.025781354100071124e-01,1.011550202865090453e+00
1.331720130308265304e+00,3.952006340815583663e-01
8.968534678843836927e-01,-2.345538668943987493e-01
-9.057439311343487010e-01,1.045558403866071462e+00
-7.503437425549069895e-01,2.428237501130584342e+00
-8.062478574867801839e-01,1.385612320864161306e+00
-7.149614306776030936e-01,-1.308332609876629471e+00
1.906539770912168974e+00,8.778912819461076600e-01
-8.783714770400288460e-03,8.059747734981820289e-01
2.120484943546434575e+00,-1.111897287800166945e+00
-9.065491948857613558e-01,-7.345467085985357691e-01
-1.119164418348801648e+00,-5.514041526895083756e-01
-2.475808543915573867e-01,9.111823997983792278e-01
-9.306494149224776580e-01,8.601189669228663792e-01
1.364266582541791450e+00,5.448752004339636468e-01
6.369594991229255987e-01,5.478243285387782852e-02
-1.877928148208738435e-01,3.484048296344716134e-01
-1.817857852235292837e-01,-1.708118964906024662e+00
1.568300360765419788e+00,1.106875607308366760e+00
-5.380189833804066568e-01,-2.141816715100554325e-01
-6.859205997819509681e-01,2.275862182168312930e+00
-1.842335127132626482e+00,-4.476442702875083057e-01
1.003246476733197223e+00,4.089577013981854359e-01
-3.639814851997474343e-01,3.221604458424580097e-01
2.751225570238470808e-01,1.954095065981725998e+00
-5.690007342276897084e-01,-1.277406495729523028e+00
-5.129000403596920554e-01,-7.081450548992977989e-01
-1.092102161910553093e-01,2.593826696495492301e-02
2.188961238402497678e+00,-8.819874490521207866e-01
1.481735825721716582e+00,-6.761726188595913456e-01
-5.091809569994883988e-01,-1.803937680576260527e-01
-1.838655395608929322e+00,-9.226722572291990998e-01
4.976002818896751306e-02,4.125980718867256619e-02
-4.575313322781163761e-01,-7.941167838589834327e-01
4.665466371567699722e-01,1.124630630169527329e-01
1.579190337157017510e+00,9.629266598489834017e-01
1.216428770869247833e+00,3.125594280512447920e+00
1.623008916020282633e-02,5.641617114858515913e-01
1.694460010421783069e+00,1.651017924774427492e-01
1.149679064479256912e-01,-4.512101211041750770e-01
-1.522490343494654841e+00,-1.650369597040534098e-01
-5.618270494544009841e-01,8.538948838779424344e-01
1.347496418060903256e+00,-2.793295655891347429e-01
4.313032980602961586e-01,-1.706014890777787785e-01
-1.679195162405690445e+00,-1.175835142027205765e-01
6.535619177363288790e-01,6.907275928749945226e-01
-1.159754355860435293e+00,7.047238617722950682e-01
-2.714276080760697152e+00,-2.743158399888724341e-01
-1.295763276900954608e+00,-1.709271606027747969e+00
1.178639001917966889e+00,-3.234618991731032178e+00
-8.279658629979670392e-01,-1.653504355277631621e+00
-2.039677231627310849e+00,1.929111056082156161e-01
-2.060901790598989036e-01,-5.017863463535148227e-01
-1.087207493038340328e-01,-4.512428644400753308e-01
4.466413437636843620e-01,-8.591690050689526625e-01
-4.039515831620141828e-01,1.915871229643687279e+00
-5.483783782972470044e-01,1.343005661515168370e-01
-1.157310395509668410e+00,-6.931101015254031994e-01
5.625607430259715880e-01,-1.454476297685042718e+00
-2.196157348358182659e+00,-7.329182807288153918e-03
-1.577324874651219594e-02,-6.647376189381629663e-01
1.660051365516557631e+00,-3.037221821448167214e-01
3.625881753683949521e-02,-7.261137309167887688e-01
-6.280617974563692529e-01,-5.503570080169748469e-01
-2.091697689509766367e-01,1.501291689704404408e+00
-3.781742469906895221e-01,6.169332853284702489e-01
-1.164904518512396292e+00,3.288708487151658644e-01
2.811863834195532097e-01,-4.285550731512114409e-01
-1.841729407472655566e+00,-2.521992900526475734e-01
6.702911486109673911e-01,-1.602119675635604645e+00
1.093917188504689886e+00,-2.842496194859725489e-01
6.108181898722749859e-01,-3.935309864598960927e-01
-1.140121858247453712e+00,-4.838807574406303047e-01
-1.839521234993313492e-01,2.153664468682101041e-01
7.138507159061970864e-01,-5.174528471601973489e-01
-1.743138999889412011e-01,2.669964205598627238e-01
1.768026945941440831e+00,-7.578950548062861614e-01
1.259944191924108559e+00,-3.134419507717918774e-01
1.414826710264471599e+00,3.260534931646590362e-01
-2.410699812362785410e-01,-4.753549315303395861e-01
-1.305927030373695841e+00,-1.091768718070742911e-01
1.553191075812511146e-01,1.461381036992886129e+00
-1.661465541226964993e+00,-1.536582619615702860e-01
8.673881216811352157e-01,-2.321737873699040444e-01
-5.611284962352867112e-01,-1.719329974885926982e+00
8.803158815219679356e-01,3.638601294916633533e-01
-6.585592027456936837e-01,5.859071506639357274e-01
2.321038742457806892e-01,-1.468982356788356147e-01
-1.753700930780259570e+00,2.090289103174117757e-01
1.822021660206708082e+00,7.234372939701996241e-01
1.217786472556484506e-01,-7.118499975843010086e-01
-5.269218331979357295e-01,2.470744342413043748e-01
-1.938751370200777258e+00,-1.029203918737236156e+00
-2.132454633458182036e-02,2.727813188661614152e-01
1.866900615806225405e-01,2.002087040496098869e-01
6.167680363567975554e-01,-8.548238652407283422e-02
-3.329669703482207588e-01,-9.576834126683080317e-01
-1.827238256507892400e+00,-1.868464157600595033e-01
2.139273097187514572e-01,2.425942888800143860e-01
-5.465757930071903914e-01,2.276525128033189294e+00
-2.455343928746367421e-01,-8.925219623033384675e-01
2.746795940296260508e-01,1.820690348218045651e+00
-1.203592381251955556e-02,1.977137016747210430e+00
2.321417005924312438e+00,1.893619756966775203e+00
