5.890604833760320069e-01,-3.626064582933710145e-01
-1.883151343765288033e+00,-4.496125712447923695e-01
-1.136537986981922765e+00,8.289231736237786530e-01
1.488027218403174201e+00,1.398255918386614782e+00
4.308548685574641324e-01,-8.941189294829098300e-01
-1.985674513079030146e-01,-2.311001395793013113e+00
-1.125623669737986221e-01,-1.109926692167315876e+00
1.691244462581825259e+00,-7.193267869975186191e-01
6.716198877751725638e-01,-1.646987529111175297e+00
-1.627177027650844945e-02,-1.257974865921028529e-01
-5.305665304752089639e-01,3.101121684110690925e-03
9.977153917288458240e-01,5.713668267492323372e-01
1.884834287230767735e+00,1.624608048305972163e-01
-6.657678374937396615e-02,1.025167298505261781e+00
-1.183117035359236013e-01,1.642745834308717567e+00
7.908908263837151065e-01,-9.712828604548002787e-01
1.015444776174579955e+00,-5.947261855953854814e-01
-1.784129812141655336e+00,-5.449952573813059420e-01
5.128750560194921260e-01,1.357633368519140848e+00
1.317467838828504156e+00,5.420186791111316627e-01
4.969431138334722831e-01,1.700761644336864942e+00
2.403736144281469755e-01,5.546088121478285338e-01
-1.636063861354953408e+00,-1.081890846208929252e-01
-7.083667043825995213e-01,1.613535295084018939e+00
-3.957172691211404691e-01,1.547628906004579141e+00
7.897622209230446000e-01,8.498571415725990341e-02
-2.248571606176077153e-01,-2.614635466500708216e-01
-1.242994897579541735e+00,1.577718528990746272e+00
-9.562628696228490099e-01,5.615659222567581654e-01
-1.134342491610673687e+00,5.001651738420798132e-01
1.697273431014812095e+00,6.360397394165663576e-02
-2.633825833614408252e-01,5.532986401279404998e-01
-1.392223900424360616e+00,6.357220131865030099e-01
3.084703114426206108e-02,-2.827707423207477255e-01
-3.835386021290285719e-01,-2.006203713830641888e+00
-1.631055253704453145e-01,3.904990639956047727e-02
-2.433678514933565462e-01,9.008400856486520336e-01
-6.529152744096178296e-01,-3.393917677975153424e-01
1.325730357014894167e+00,-2.314741159290795380e+00
1.711206916220831653e+00,-4.873487062704929262e-01
2.755952048445187152e+00,-7.284757594993152008e-02
4.616729885457868665e-01,-7.857697205003396634e-01
-6.210695754708561722e-01,8.550201039821406779e-01
3.335264907729820205e-01,9.628785051195047906e-01
-4.340425144582177319e-01,4.297173318162690880e-01
2.769367492132433495e-01,-9.938993775834210620e-01
3.794706856353843305e-01,-2.577429308552750542e-01
-3.550992410274289024e-01,-1.725240565880837781e-02
-6.249213387635759176e-01,6.206878113270775099e-02
6.093364981402130676e-01,-1.770945563356941532e+00
1.676005622501816283e+00,1.737028509521471031e+00
-7.794345882976492224e-01,2.047187676302953396e-01
4.497009583152778989e-01,3.382234128307191612e-01
1.314570488240497659e-01,5.382126782542216992e-01
1.023709181028330306e+00,1.545442108955820126e+00
-1.356986151033724997e-01,-1.163968624050069511e+00
-4.241987653376976253e-01,-1.011129456727390519e+00
-8.231511932777211271e-01,-1.405371499107135991e+00
-1.411881208930274134e+00,-1.024652754989661130e+00
-1.660171677323035722e+00,-1.176337650736969248e-01
1.639808052784968329e+00,7.716034849625633130e-02
1.654558412559975489e-01,-6.850969276162412191e-02
5.742205647401216195e-01,1.165355478352626761e+00
1.302462126222436511e+00,-9.254074751097433049e-01
7.695780809862433625e-01,2.157540975191740706e+00
3.908682327669520812e-02,-4.728155161253326244e-01
1.847266863940581205e-01,1.464591328895263889e+00
-2.615137058649878443e-01,3.052811712990737281e-01
1.274651012193988242e+00,-1.444671320621015331e+00
-1.969402752777414056e+00,-5.612296576223297917e-01
9.131613133098523960e-01,-5.142838676991841051e-01
-8.168516666424343597e-01,9.448321808473743033e-01
-2.220105862735193836e-01,-7.831011280236080951e-01
-5.678244092955374578e-01,1.935444342200613566e+00
1.169289746588672907e+00,3.846999726136426379e-01
-1.024942941224724402e+00,-4.094287843307582442e-01
-3.969662330905494585e-01,1.012090685259340317e+00
8.993831929231319577e-01,-8.234041708601654852e-01
4.725003496695979188e-01,1.097838367871309728e+00
7.363945138086368525e-01,-4.819670043816403487e-02
2.509033393015594804e+00,7.782972815907153175e-01
-9.175626748173314473e-01,-6.892359803604302115e-01
1.614541339001286380e+00,-1.588573975595303223e+00
2.495132243516423598e-02,1.050538864881066070e+00
-7.348510911801899026e-02,-9.046084699310344424e-02
2.842974553647231173e-01,8.052098916328721545e-01
3.475163441511136542e-01,-2.111512816504173440e+00
4.265780380800284766e-01,4.437867537800703754e-01
1.103047807281248155e-01,-1.477948519780691639e+00
-1.412886307246375095e+00,-7.343920054352646165e-01
-1.854633780858550574e-01,-1.571941942546819515e+00
6.570709644142951333e-01,6.873693996786528482e-02
-7.980863621212828107e-01,-7.705444933822473974e-01
-1.191038524312500568e+00,-4.515290463165766432e-01
-9.950595769268538726e-02,4.339679691034905584e-01
8.626822935577557194e-01,1.299911356337454249e+00
8.946105249746729715e-01,-7.608084233080063263e-02
2.303781898790194127e+00,9.178472614276557140e-01
5.347989037562957959e-01,1.270285315629495981e+00
-4.512275083960859412e-01,-1.639350640994533759e+00
-3.309846794630608713e-01,-5.209374565152757874e-02
1.546813730140387699e+00,2.810016839077751349e-01
-2.582664458579956301e-01,-1.643951437054747000e-01
8.879746184758037231e-01,1.201712590942525805e-01
-1.028015044191257221e+00,-1.939899823993755310e-02
2.148024226961283978e-01,-7.368004101613875312e-01
-2.462616140497482786e-01,-7.794807826973645382e-01
5.168551333182644925e-01,-8.313075803385597817e-01
-1.549095520561539985e+00,5.879218175008916747e-01
5.821628580737698844e-01,-9.691728474545732164e-01
-1.799560415651104917e+00,-6.078554437442739156e-01
5.712339483993864597e-01,8.047991635754050410e-01
7.661856700871930714e-01,7.801302249523817123e-01
-1.839782213927732279e-01,-3.626115018795571521e-01
2.149388798326624661e-01,-1.156725369713513141e+00
-1.318137100542931206e+00,-1.408370224470894216e+00
-7.599876655776952906e-03,1.038133635430336543e+00
-4.962798476719543217e-01,3.886816651017453439e-01
1.815043199151853637e+00,-8.603507535384516403e-02
5.982261705592990808e-02,-9.236540324702305904e-01
1.262422882266204215e-02,-1.317086572091155983e+00
-2.799426918634621564e-01,1.196646964975834670e+00
4.263634907819092712e-01,-5.421753705494013476e-01
-1.709943766931556197e-01,2.754313355629356974e-01
-7.114612877066595065e-01,-7.537944011280527379e-01
-4.265736890580066887e-01,2.099900895866614603e-02
1.885161429927154630e-01,-1.464797642985623982e+00
-8.002596425296476523e-01,9.241026357466110008e-01
5.092489338828900536e-01,-8.005107408100350375e-01
-1.258077281646721390e+00,1.001909942087898742e+00
-1.771741821557707153e-01,-5.496492484970156855e-01
-7.089655043714966354e-01,5.363591367131693710e-01
5.998903392552960845e-02,-4.923925861862413211e-01
-6.262440404427292717e-02,2.500240094873351082e-01
5.666748308610135565e-01,-5.699228904910392801e-01
-2.018676551499432481e+00,7.097771121642268977e-01
-3.739056264643665917e-01,1.416005405374000103e+00
9.654730826950970179e-01,-1.143599528847464963e+00
-2.365540497096936812e-01,4.916710035029188131e-01
-5.017783338038507290e-01,-1.588435337477576370e+00
7.041322526766058409e-01,3.009037677697578017e-01
4.381806074380450999e-01,1.283908072300017800e+00
4.370379356132972348e-02,-1.085012102873675749e-01
-2.669356751187405563e-01,-1.268668980139033398e+00
1.677533285174507421e-02,4.361965849306538856e-01
2.892429118499756369e-01,1.414745089482493556e+00
1.224741382014584296e-01,8.069554760452067876e-01
-1.347942816086600937e+00,1.403041920946920262e+00
1.958907102821290935e-01,2.865833516714307305e-01
1.506172528930804555e+00,3.969906100994641945e-02
-3.277226307644555692e-01,-3.794753915082831885e-01
2.018548294144238350e-02,-8.741571958987205404e-01
1.379525470675447618e+00,1.219001160178219551e-01
1.938928676255754213e-01,-1.345204424759425699e+00
7.450590021290763865e-01,-5.673540622291582958e-01
9.225686912283934671e-01,-1.661007737465383549e+00
-7.590136479237052924e-01,2.864219804000556757e-01
-7.047238343822487261e-01,1.402427415363840246e-01
4.440532465441165422e-01,2.194967186733190800e+00
3.917758221085453352e-01,-2.440180894058458505e-01
-6.287905346121623884e-01,-1.213949076348684208e+00
-1.085637396889151465e-02,8.944529083659654711e-01
9.018157579042285210e-01,1.334065586267138004e+00
1.695975292482435837e+00,8.580499283573408409e-01
-1.012796032694042392e+00,4.248018388531679679e-01
-7.390524687872663812e-01,-1.291336601076116697e+00
-1.968930561704890669e+00,1.352798618304572154e+00
2.112359583389340767e-01,-1.527504175862480773e+00
-4.092150390474166288e-01,-6.292056692357830827e-02
-5.420808001767243312e-01,-3.855534932514403934e-01
7.805042735961632561e-01,4.780188619004553385e-01
2.298365333023936752e-01,1.451483955855524588e+00
-1.823186602495183273e+00,-1.989974310141485458e-01
3.313802354510057835e-02,-6.034826324025864830e-01
3.477206716279597210e-01,4.929443741694150005e-01
-9.211965896276903543e-01,-1.253681025586041164e-01
-1.507348840814784596e+00,5.558493980163491388e-01
3.095247045718542145e-01,-1.070837081260547441e+00
-9.346193724091044208e-01,8.374405513154518088e-01
-1.747080629165044696e+00,-1.375690149231550974e+00
1.461681024389899775e-01,9.814596721393229473e-01
-1.144343762013742438e+00,5.461582525894943529e-01
-1.347480709537221877e+00,-8.321053886495840546e-01
-6.227850405255248578e-01,-1.876443801885427476e+00
2.115165133203902037e-01,7.443624744107478763e-01
1.341010397670989729e+00,2.799061648596442575e-01
-1.242861340033862838e+00,-1.844425219069787680e-01
-5.475821936454863259e-01,-1.727915518685713581e+00
-1.479489318291881572e+00,-1.113742533397803353e-01
6.071811392132847596e-01,-3.126623510077517799e-03
-4.942256161480338972e-01,2.521167550242615074e-01
8.872591812821567503e-01,7.394450266732086607e-01
-1.755704999945945977e+00,3.991146416966720456e-02
-1.877024389804363036e+00,1.014665837554137529e+00
-5.221220555690002652e-01,1.263868454137831332e+00
-1.512043937871931032e+00,-1.270736815927616448e+00
4.252394391240371663e-01,2.092387130359668612e-01
5.152531108150988359e-01,-1.463028963635589763e+00
-5.550745954410525318e-01,-3.485179116586388792e-01
-1.092331754535205146e+00,1.408685268279738778e-01
2.922241462268835854e-01,-2.055410121360286890e+00
1.579528372185942109e+00,-1.198064184667382154e-02
-1.800410315359308955e+00,1.255389097171968338e+00
-1.147795227951784458e+00,-6.009017691581818310e-01
-8.019054572189805441e-01,4.236399364319232141e-01
-6.259396837693080862e-01,9.782199166253345846e-01
-1.927334150196685636e-01,8.787085067047174514e-01
1.308946695874714461e+00,1.587902284185489288e+00
-1.729785000277531903e+00,-1.163381763689743886e+00
-6.775268547525105101e-01,-5.627965851226439387e-02
6.033804607697804689e-01,1.579723556525786110e+00
1.203969994609119132e+00,-3.456866902426484756e-01
-1.158138256847740521e+00,-4.468849191194532861e-02
3.301348212826146766e-01,-2.152807103741438688e-01
-1.906515888713782580e-01,-2.145024935711289160e+00
-9.697644304988854991e-01,2.189048525769043130e-01
-1.155162596482313342e+00,3.691831120420830947e-01
-3.937111438959992604e-01,1.390552846671804010e+00
1.204269810958668696e+00,1.651180663934457948e+00
7.136324535019197279e-01,-3.079629666607344163e-01
1.348940237663917296e-01,6.326682697507612918e-01
2.790527949683135889e-01,1.249099624301948541e+00
-1.382710379781373566e+00,1.620329658489403149e-02
-3.535661804020128612e-02,1.499863173250011728e-01
-4.685333882506813041e-01,-1.698140777980465366e+00
-1.677849512421717204e+00,1.135414269529625653e+00
-9.333910431095854277e-01,2.200382885643304143e-01
-8.854432985112727916e-01,-4.123671548544500243e-01
-1.142611043600067156e+00,-1.492413919030384228e+00
-2.607928320285558321e+00,2.036805213338875209e+00
9.947100073526643493e-01,-1.641601011153707823e+00
-1.124796341868659955e+00,4.227046432688835176e-01
-5.891376268256186544e-01,-1.253142026067065151e+00
1.122627151575954496e-01,8.573799041259756448e-01
1.490415046968827983e+00,4.248573698256143949e-01
-9.797381399073863684e-02,1.411999052224282014e+00
-7.431789872516949558e-01,5.934599466263986711e-01
5.747050890120379840e-01,-3.142776419256747000e-01
-1.332236391085631251e-02,-5.208114315189028565e-01
-2.577644201228522225e-01,-3.380455573831044336e-01
5.143172428392952522e-01,8.736680016099962476e-01
-7.900880849009529749e-02,9.882281016943941232e-01
5.827870499055448628e-01,-1.008933459851110603e+00
1.535157961753995437e+00,5.212716608853333877e-01
-3.610175907960902486e-01,1.258821775879806204e-01
-7.485692211240067007e-01,2.196891369713663000e-01
-1.477270236411628579e+00,1.823207297477770439e+00
1.747314654769104081e+00,2.850997959147263949e-01
4.890231113693500609e-01,-2.589718177566980306e-01
7.709452328228901807e-01,-6.832877855333302497e-02
3.611644982043945434e-02,-1.647047264028838720e+00
6.921205624328824468e-02,-1.119469072337103022e+00
6.682456721607997752e-01,4.968436231457035723e-01
1.053586672890960696e-01,-1.780781845113589723e+00
6.547201859867008977e-01,1.177752321013076253e+00
8.278340484732830962e-02,-2.100541866844431865e-02
-1.882421848229787753e-01,2.844308862153398509e-01
1.304258944602164350e-01,-1.989117805485842924e-02
7.798456731219562954e-01,-1.277805332294711826e+00
8.547844574431182618e-01,-1.317806096426747731e+00
-5.866665908142977282e-01,1.038526272044537846e+00
2.377273786865877092e+00,1.341717993247428353e+00
-9.668268478680043521e-02,-4.813113235792781941e-01
3.737406738455202326e-01,7.546416027701970952e-01
1.689346786583997007e-01,-1.338540841363355494e+00
-7.018716518319995101e-01,-6.958717199774518969e-01
1.362910419519458571e-01,-2.663922950816681179e-01
6.147358329795713505e-01,-1.502490623028595484e+00
-7.583976349041745557e-01,-9.379182686339132546e-01
1.891807780585033349e-01,-1.990318453080408834e-01
-8.516236662105110267e-02,4.017661698227201206e-01
9.000930306242357348e-01,5.111573650370856425e-01
-8.412940566326743141e-01,-5.561003525917217472e-01
5.450949808872761482e-01,-1.151568998916711717e+00
-3.243847201707095174e-01,1.501346287043898997e-01
-1.561984364220023291e+00,1.728903751794927945e-01
-4.458409104641696818e-01,2.056601116497292492e-01
-4.952473120385265659e-01,5.567298924757707601e-01
-1.760987782926370260e+00,2.897447753874436982e-01
-6.139000036295162444e-01,1.012287361125845830e+00
-1.089530005487097997e+00,1.072229029337722211e-01
2.448863528754632757e+00,-1.390911889440321181e+00
-1.115752114978623144e+00,-9.829023519613300230e-01
1.992956203375966462e+00,-1.234013070922717503e+00
1.087039706661651339e-01,1.586579830027108340e+00
8.307643647830087463e-01,-5.003694869488843899e-01
-1.578788838702611941e-01,-8.613581841699838870e-01
4.907266869014687005e-01,-2.674066129509671819e-01
-9.844851701757952878e-01,-5.355067217348945530e-01
4.106808192122284040e-02,-1.475385078988963317e-01
1.472257785738650293e+00,4.078795581579899854e-01
1.625147795660871308e+00,1.881254779276150813e-01
-6.328912165218254504e-01,-1.342655278234717420e+00
1.092678221405582573e+00,-4.109713730162998790e-01
-5.467654610686012440e-01,7.401994763841410752e-01
-1.457790181888675152e+00,3.537541761965588838e-02
1.056041388166277795e+00,-1.082711129629755131e+00
1.564132555233840316e+00,1.449485042698385184e+00
-2.255150924414697666e+00,7.944418871122135295e-01
7.212437973951143499e-01,-1.512744743095939981e+00
8.146229281472141537e-01,-1.502220506188488791e+00
-7.996214446027097300e-02,8.024364348194956698e-01
9.481435345189158370e-02,-2.992637231593465730e-01
1.924296595881869631e+00,7.718371836592617663e-02
6.204623349896061235e-01,-1.319257860903415791e+00
1.524860570920660630e+00,1.133067362111053633e+00
-1.795616236474530669e-01,9.249124557045104167e-01
1.045117958318830587e+00,-6.620934194080341229e-01
1.021268053526364072e+00,6.190698111561678818e-01
3.436011800745724543e+00,2.634159553857277292e+00
2.953167607919475190e-01,-1.667144804411725342e-02
1.274538085488278183e+00,3.327367147406823378e-01
3.710854073755684990e-01,1.414248503324572637e+00
-1.205514500607032025e+00,-1.816778871542664708e+00
-7.509924822773916819e-02,-7.743825584405371609e-01
-3.392672238671539664e-01,-5.691861640637722042e-01
-2.649953581261043078e-01,-6.125941528770556532e-01
2.063845720093102631e+00,-3.918432435733041896e-01
-1.102339225309565185e+00,1.490412223069687569e-01
-1.184316697871777180e+00,-7.500281406443480847e-01
1.652080000618074029e+00,4.535516058292466401e-01
1.096803355307589101e+00,8.317069256479188155e-01
-6.856809671053827326e-01,1.577078131243047077e+00
-8.828579903697126863e-01,-1.648393469889404273e+00
-3.219529921334585709e-01,3.579151582592318692e-01
-2.235142712771521545e+00,-1.996083261676904752e-01
2.998917120426199401e-01,1.320531686817929984e+00
6.272353991119942185e-01,1.669197434951788406e+00
-1.199569228482388061e-01,-1.457341696780728446e+00
1.086105072856817566e+00,5.292013236434721657e-01
-5.332699975265332570e-01,2.210211791824743699e+00
-1.767992294633382366e+00,1.105660154478012913e+00
4.841574337114060711e-01,2.950783368768768344e+00
2.428237246440819952e+00,1.409539159717653867e+00
1.556199129713795815e+00,-5.697529935209491025e-01
2.866473101448399619e-02,-2.862538085252668840e-01
-6.046548682183813250e-01,-5.891071960230753746e-01
7.750541208106249691e-01,5.648923774711724910e-01
-3.858633570262576806e-01,-1.600981326790049897e+00
3.793264129084218395e-01,1.692220981774736066e-01
-6.622367621574408725e-01,-8.038073731163584146e-01
-8.442612429169825683e-01,4.738731384731835194e-01
-9.628869214399171650e-01,-3.582242848252130130e-01
-7.839524963565593918e-01,6.860890903817291608e-01
-8.923552174113384694e-02,-5.146709639286952687e-01
-1.793562884411618874e-02,7.451127413174147840e-01
3.832115000257083071e-02,8.530997830407407445e-01
-1.560990558192320576e-01,-3.957281009803828575e-01
5.294405985292636174e-01,-6.100303573717622552e-01
-3.166273461236831510e-01,4.689963681118971550e-01
1.329122076480718340e+00,1.477891291179922739e-01
-8.223825196362837264e-01,-1.615182611715081151e+00
2.382910843571947046e-01,-1.369511803759167146e+00
8.793292078464015615e-01,6.211317853748699047e-01
1.373482108901312726e+00,3.130476490784464549e-01
-2.777189449224195528e-01,3.647917543178164634e-01
-1.002281213798507653e-01,-2.111768739237190329e-01
1.770594900912225267e+00,5.668820208661102811e-01
-2.694384803287658836e-01,1.129304986696427093e+00
-6.467347459593851544e-02,9.567402826019941742e-01
-7.037568143667467524e-01,3.919515704026742958e-02
5.252931752263716447e-01,3.820806002472880714e-01
5.976185871742726308e-01,-1.494512649069584143e+00
-5.981125113130890680e-01,6.087297920297015663e-01
-1.190392923611165443e-01,3.966211792186842278e-01
-1.060907534061376278e+00,6.207021459542221287e-01
2.942940404093984386e-01,4.586381590762210747e-01
-2.263935392339581076e-01,4.234404158928254391e-01
-1.694294854894665692e-01,-4.416743414639472953e-01
-1.422993845492438680e+00,-6.218921914934325557e-01
3.355602263613330916e-01,-1.531176686572181811e-01
7.450359341545015335e-01,4.331382932863678814e-01
5.757087440080967955e-01,-1.803709411295081777e+00
-4.424445311831106120e-01,-2.455799994515534657e+00
3.186225771096466985e-01,1.298895838258177671e+00
-7.638291976396931471e-01,3.181314916896763045e-01
-1.101530709412391396e+00,-1.243376077409311442e+00
3.466837046175437753e-01,2.281982735330067846e-01
1.743247150761673803e+00,1.322203292887363935e+00
1.347753294491322584e-01,1.004474961943864209e+00
1.670858962230565015e-01,-3.235427854273826287e-01
2.852997809100338289e-01,-5.561721785099081883e-01
1.261182040793015213e+00,1.062437453702167911e+00
7.886122281492345953e-01,-1.298565300705951442e+00
-4.558226884929354461e-01,4.846669955820999132e-01
7.119924616536567052e-01,1.711945165004632174e-01
9.036922458078565645e-01,-3.229163655244003395e-01
-1.642308789635137822e+00,-1.368631058876140116e+00
2.484893242159426641e-01,-2.792950410671214967e-01
8.900586048861431898e-01,8.556599732746528186e-01
-2.078126676904681613e-01,-1.563480087793460038e+00
1.172570433085484476e+00,1.186505336234741304e+00
5.703204384856991327e-01,2.161556685336743389e+00
-1.359627626797089706e+00,-3.071256889394050060e-01
1.232439826604297961e+00,-1.595301413607189245e+00
3.885066895816388088e-01,1.053353800627844672e+00
1.365128051360428918e+00,-2.149238087875108075e-02
1.595863501628052461e+00,1.557868944228076313e-01
2.469279050647829599e-02,2.075316080622452208e+00
-1.294530642277919252e+00,2.086635793462532362e+00
-1.075569222408360615e+00,9.692230937953828507e-01
-6.636895665980956371e-01,1.242149062931835468e+00
3.977610967885088500e-01,-1.969389656822752466e+00
-3.329996400174685678e-01,8.733113565824933422e-02
-6.928883629371779262e-01,2.197857132638577848e+00
-1.064332401051597266e-01,-2.738666053095392128e-01
1.544895835542178908e+00,-3.146193680203048793e-01
-3.433060910131153221e-01,3.144619317971548145e-01
7.884078390466302613e-03,-1.517743016187745875e-01
1.336169805190827509e+00,1.085402564420935967e+00
-1.012786231545375060e+00,-2.009283530737745460e-01
-2.692231011632754800e+00,-1.746095722534134476e+00
-1.284724523566457943e+00,6.006877395523350094e-01
-5.780905131968395727e-01,4.149098541875116397e-01
6.292115951888213043e-01,1.667702358266940799e+00
1.300374584877255879e+00,-6.619643683257386835e-01
1.640268736402684002e+00,-5.962808131262130606e-01
1.646936554002576270e-01,2.223206879598544905e+00
1.092614735140561066e+00,1.794819370330268116e-01
4.067287364342901390e-01,1.314238768153192627e+00
1.262152739947160762e-01,-2.131797883379983882e-01
-5.493509673877714494e-01,-4.418043323395277611e-01
3.359319008769910408e-01,-5.225282273795833765e-01
2.416506059313010102e+00,9.177511256552447483e-01
1.376358049518311644e+00,-7.578074613366454770e-02
1.434015005470622439e+00,-2.400281883268498007e+00
-1.616888770039224266e+00,1.549039846672395360e+00
1.139255995313538161e+00,-1.344560459718972645e+00
5.144894487792880389e-01,-2.463387185927741752e-01
4.773736928436801974e-01,2.362046643977302740e-01
-5.508887574077068194e-01,1.336157842124968465e+00
-4.792097997274898380e-01,-3.384528185415028867e-01
-3.031013438018879569e+00,-8.916210821180062807e-01
1.601896211339916276e-01,2.429058776730414149e+00
5.558817728737284192e-01,-1.421985592031401735e-01
-2.829562958740282630e-01,-8.964537456744615662e-01
-5.614191148939896570e-01,-7.570102283962128198e-02
-5.677797317580148828e-01,1.107600543218072886e+00
-3.441881616673122535e-01,-1.921290771915246554e+00
-1.892847619216882160e+00,1.280835989898515548e+00
1.701078968186580997e+00,-1.277280402060156694e+00
6.516381145923328955e-01,-1.353478665886477694e+00
1.450386685034398271e+00,-3.296694017670234733e-01
-2.103522157360206535e+00,-1.063254122277438540e+00
-1.919039459465059216e-01,-1.822008357673493839e-01
-2.573391010032951565e-01,-7.728514850105195899e-01
-7.845237100535178143e-02,-2.601735179990557340e-02
2.962416267743221976e-01,-8.947833959600259846e-01
1.156997211148545146e+00,1.851990617301852438e-01
-5.189587303754498171e-01,-1.341458642732095363e+00
-5.763072163156861549e-01,7.446942799699525217e-01
-4.967699729752176330e-01,8.631707355641190516e-01
-1.806669697915309555e-02,3.604389927600334942e-01
1.106903101082388874e+00,-7.016195112823631064e-01
8.837893758992192428e-01,-8.974135088990380094e-02
4.505581841744346616e-01,-5.060097960215695911e-01
3.013055561002889182e-01,-1.790151788170117442e+00
6.286465683083525269e-01,-1.981944945838169381e-01
-1.480498782462100538e+00,-1.052908957447987737e+00
1.145113648221901759e+00,6.605219830407783876e-02
3.192213138109888382e-01,-8.036342525520859814e-01
7.216414420643915695e-02,-5.075358315727219738e-01
-3.740008889847663553e-01,1.227503638926209728e+00
-1.141860887660524737e+00,-2.925069906675959452e-01
1.083971737818802517e+00,3.325948386893514130e-01
-1.147238902571221963e+00,1.096843710138988515e+00
-9.389594336295178367e-01,-1.429433969959887252e+00
-1.232732303887679404e+00,-1.144405190934150163e-01
-6.280254900452695299e-01,-1.306433167730578049e+00
-5.094591431705282336e-02,9.886449320541546015e-01
3.567188387342684064e-01,2.427264856078234501e-01
-1.614403356439189530e+00,1.044448154443346155e+00
-1.169119793973930177e+00,-2.777201240842303576e-01
-1.535054662288054095e+00,7.872127048465273891e-01
-2.093640387671478198e-01,1.406969164389808291e-01
8.260583939776779128e-02,-9.975400804612746253e-01
1.596063411971730683e-01,-1.025613629387589931e+00
-1.928643036797269561e+00,-6.372596830884957875e-01
-1.412862396088319983e+00,-8.814216505334316887e-01
1.881376000375860169e+00,1.313682875788020121e+00
1.284989693424278823e+00,2.088158433445561180e+00
-2.478839351488073550e+00,4.186485910126668264e-01
-6.512327728345488342e-01,1.319075683811850697e+00
-1.609516934678287381e+00,-1.776713012899841404e+00
-1.530086178544396658e+00,7.668100074393565668e-01
5.377179299781620347e-01,9.094983255286072099e-01
-8.141271641293494898e-01,-1.684784207896741659e+00
6.451313398051605752e-01,1.798368749221774365e+00
-1.175011955566330313e+00,-7.720536094268545257e-01
1.483025993388745967e+00,-8.515481688766992630e-01
2.691774512338468983e-01,9.634340802058889708e-02
1.531739682504149602e+00,-2.502913061058863464e-01
-1.273085836601898224e+00,-7.926831004244985213e-01
2.139558334877053256e-02,2.315330367902780073e-01
8.566478798716503640e-01,-8.152033641042046863e-01
8.210550819292262714e-01,-4.041327631563054745e-01
-7.927800529643989069e-01,-5.006733902275664061e-01
-8.980727588331911815e-02,-1.261338651210556216e+00
8.409076908666676120e-01,5.283861025179144022e-01
-1.458238569245401184e+00,-1.381353869246451649e-01
