-1.674166855541814325e+00,9.802691016319431405e-01
3.816856692151922026e-01,3.801763491253931093e-01
6.360946679802233217e-02,6.604418324328261702e-01
7.218019454347975872e-01,4.216421046327967215e-01
3.893763908268011997e-01,-1.005107050272216807e+00
5.400812743070048522e-02,-1.613362000037291910e+00
-1.068458666458916628e+00,-8.656960282905864501e-01
1.286613893364070726e+00,-7.385021607612898276e-01
-2.006624958351064247e+00,5.384563764228696980e-01
1.571653970365161967e+00,-1.436737878627708076e+00
-6.855017907267928479e-01,1.673214359839297005e+00
-5.268024680416784067e-01,2.386796204843195934e-01
2.345926262102720372e+00,-2.249004325048864772e-01
9.674124293270932595e-01,-1.120263481365467939e+00
3.391195937507818833e-03,2.027939453305039053e-01
-6.601476193873093701e-01,-8.892558107872448048e-01
1.945153943437590016e-01,1.957152829311079145e+00
9.050495927821602948e-02,4.316893652733851394e-01
-1.502699345450346780e+00,-3.046446564266918622e-01
-4.435132853488892302e-01,3.159146780466149385e-01
-1.751895747293329419e+00,-1.170557002639208255e+00
8.569788697569350466e-01,4.449493052619452049e-01
-1.480045193768657841e+00,2.240125710873083764e-01
1.609487655088896130e+00,1.332474999468130639e+00
-7.725396822385477424e-02,-3.567115599606426879e-02
-4.040395125347160388e-01,2.811468354750429333e-01
-1.416418734475015873e+00,-1.615623897492491079e-01
4.277330620082349655e-01,-4.479307246691323352e-02
-5.718090466384666559e-01,-9.377391008409882711e-02
1.779042971886512170e+00,9.818040790700233167e-01
-6.858044607041811902e-02,-1.362175545175886016e-01
-1.536466736125409849e+00,8.843326599331230442e-02
2.045831637220266064e+00,1.871716604980647070e+00
-7.546717013361095017e-01,-2.494721374513083623e-01
-9.691484665004682086e-02,1.081659217114576244e+00
4.081351023809445255e-01,-5.291426709669792006e-01
3.485827097524394486e-02,1.230447033281789393e+00
-4.877368828395257649e-01,3.738437029788628796e-01
6.499349547604430510e-01,-1.471767822746293808e+00
4.791613424986841674e-02,2.022125624605741190e-01
3.812881131864933049e-01,-2.904433455988910673e-01
-2.838718840348443684e-01,1.227297268722134183e+00
8.938388744284365695e-01,-1.429545057936434160e+00
8.379531280265251070e-01,-1.032277026496421612e+00
3.668764279033863152e-01,9.322381757296293037e-01
-1.206704038502066423e+00,5.366344649903176389e-01
7.191175188014730102e-01,-1.357000610614941261e+00
-1.188121005486401982e+00,-2.993101471112590839e-01
-5.025742888196981228e-01,-2.084822912936371963e-03
-2.045140591553171183e-02,1.614015375924091833e+00
-2.137636933956066354e-01,1.465681238858990820e+00
4.472794706030632783e-01,2.349645799824542081e-01
1.362561806212205129e+00,1.114120227310346545e+00
8.254191459511475149e-01,7.187435721748911543e-01
-6.478358313327302609e-01,-6.457293513696209519e-01
-1.622835352408061871e+00,-1.011240518677689604e+00
2.627393011818243806e+00,-5.888676761557037898e-01
6.656086908285046011e-01,1.273067993519195751e+00
-1.145842383079830329e+00,-4.426819676191338648e-01
6.234061842654254892e-01,-1.950685793719955541e+00
4.275335302537897064e-01,2.360509642839853317e+00
8.899539335222649283e-01,-3.193490577963589150e-01
7.508521648843733409e-01,5.398872766899740494e-01
-8.109862082812367978e-01,-6.490650892432022756e-01
-1.374154375188303634e+00,3.703761054555201326e-01
4.323085092486511072e-01,3.508123158185653123e-01
-1.149464889933593303e+00,9.625150528298225261e-01
-6.377767769215239024e-01,-7.466905760374020762e-01
-1.028761417444343129e+00,-1.359690840248597432e-01
1.485492634374831589e+00,7.193627003515885576e-01
4.857283002667798222e-01,3.145144331562187423e-01
-1.120648911336043385e+00,-1.287374927193087437e+00
-5.323738825367440031e-01,-8.290679273719146758e-02
-2.540547638217488524e-01,1.139394844597927392e+00
1.256337500884189939e+00,1.381807497678206320e-01
3.719323240315883794e-01,-8.767583445060429526e-01
-1.282292976853865785e+00,1.958846495750615979e+00
-1.061576736190846804e+00,-8.987031554525004573e-01
-5.535609245017357738e-01,1.029240149673810611e+00
-1.613771169586749377e+00,5.232961559291335885e-01
2.608517159710689537e+00,-5.747381781815840140e-01
5.556195657084884720e-01,1.105009663483324633e+00
8.623352447229627460e-01,-3.055533998973051224e-01
1.274889879438154905e+00,2.603099830307418761e-01
-3.446015040558877973e-01,1.764776320931648490e+00
2.035805967421578933e-01,1.381008694882170040e+00
1.031781254252506441e+00,5.674843584466607860e-01
1.336311019749393536e-01,-8.358080533174417903e-01
-4.133187626252879943e-01,1.308304346870706514e+00
-7.392982089805575363e-01,-1.293576737825901324e+00
4.838662723409444845e-03,-6.337187962747101722e-01
-1.061461427329279061e+00,8.161830601655293282e-01
-8.501253639357533309e-01,-4.610906218739702078e-01
-1.434661426741363210e-01,-7.082292012802078318e-01
-3.268869382964713077e-01,3.208913063819860551e-02
-4.083875114946574070e-01,7.268449497366077372e-01
-1.756252470778832286e+00,9.171001888445662331e-01
-2.524502658378588116e+00,3.310306251028782287e-01
7.555495416813684528e-01,-1.449233199135603438e-02
-3.097020229419759629e-01,-1.570960872466651725e+00
-6.244599046795594743e-01,1.248095396420136005e+00
8.165641501968933236e-01,-3.712690756341913700e-01
1.926978268782416182e+00,4.999969074704104788e-01
6.277636987631335375e-01,2.018457314531098556e-01
-3.420020745702536669e-01,1.220534687771950288e+00
-1.861584255709045899e-01,4.658931426843994084e-01
1.099873951351809237e-01,-1.363910522283741544e+00
-8.467899861539139594e-02,-8.743855145188691447e-01
4.729381512983044655e-01,6.624301705780858418e-01
-5.839932935037767808e-02,-9.829802032832186676e-01
-3.606940678142727674e-01,9.126582814771100338e-02
-2.394160052477035949e-01,7.547523493866608035e-01
8.478098879035412816e-01,-2.529998369725297569e-01
-4.257290908475167557e-01,1.419650551984476872e+00
-9.458515141238081902e-01,-7.734761451142190269e-01
2.524219380075873431e+00,-8.456392550086432314e-01
-5.926537355721147593e-01,3.370524849506360554e-01
-1.164828918270525010e-01,-5.810624766625570592e-01
1.778370852031669891e-01,-6.457826281084132480e-01
-5.491799728455158958e-01,-1.600314147307630996e+00
-1.763435684891615507e+00,-1.392598258634104358e+00
-1.076714078140475817e+00,-1.884456487080410581e+00
1.765225925385942030e-01,-5.130569876558238596e-01
1.697174381219951345e+00,7.882596957295295859e-02
4.461424872529704544e-01,-4.362814971638315775e-01
-9.807981606555263854e-01,6.032840572757016684e-01
-1.026058503051742177e-01,-1.118123712315794993e+00
1.406407109069433892e+00,1.539539363334521349e+00
-9.140181124624897624e-01,-8.949467312955003070e-03
3.188923015681045803e-02,-8.259521133211147337e-01
1.370299526685363922e+00,8.742660370195495245e-01
-6.270120918286731238e-01,-2.959369457271275317e-01
-4.111425246210818063e-01,-4.003475143037581452e-01
6.650134187584271217e-01,1.294977510114505348e+00
-2.477023304070985199e-01,-4.756350919705753522e-01
5.718930403320012790e-01,-2.034651240670089234e-01
-1.307672949966455223e+00,-1.411592417763034346e+00
2.272818478780771922e+00,2.659071577142561593e-01
-1.016811095605464066e-01,-9.191059171261123373e-01
-6.907677001824106267e-01,4.177316858374008346e-01
1.275678852343403058e+00,-1.545913887547046173e+00
-1.494802987534120664e+00,-7.085697853699139959e-01
-1.370572650083787369e+00,1.858261502589747760e+00
2.423883045200372066e-01,-1.039551514809850197e+00
6.837334055287226653e-02,1.686226322776238629e+00
-3.417012398121420380e-02,1.050200017473648773e+00
-6.081538800227684893e-01,-4.349248215466565703e-01
-2.942001254744158745e-02,-1.238117185606759207e+00
8.285570131802986182e-01,-8.659319187837072329e-01
1.028969170935101207e+00,1.178923185684518149e+00
-4.457441628290282898e-01,-1.158197343674604030e+00
-1.059978411950990074e+00,1.618696845166578691e-01
-1.087947260369889868e+00,1.208754039428640015e+00
1.215670213914740394e+00,-3.263212524493590561e-01
8.005083373180659212e-01,1.151113390405333448e+00
-2.728516469537018430e-01,9.954620706764880089e-02
-3.078688489387075219e-02,-8.582103077743615804e-01
1.404868989435545057e+00,-1.477674669446094269e+00
-1.918478619690123232e-01,1.207031579407545463e+00
-1.776029204728849231e-01,-2.775349169731845755e+00
-1.307393829316100042e+00,4.625576650337737683e-01
5.391408788602092272e-01,3.407493110227539646e-01
2.858740796948860408e-01,2.485493976141968375e-01
1.274462996408328941e+00,1.298103861642931900e+00
1.908716207992887937e-01,2.224045281919042605e+00
-1.336924443240575577e+00,1.006796571288128606e+00
1.225068769989251294e+00,5.566414797639387402e-01
-7.875095322544811705e-01,1.034306234390592882e-01
-4.765997742739523924e-01,-1.080821142027726278e+00
7.937999060160585429e-01,-6.442622557395699667e-01
2.077669783438281514e-01,-1.859223079744905860e+00
-2.822184061876666927e+00,7.422631389657429191e-01
1.911090901424526978e-01,-9.953667215557129855e-02
5.053661942900465887e-01,-3.095779733936527417e-02
-4.064746250116991200e-01,-8.279329802194540511e-01
4.407402921240556326e-01,-1.970203262295400881e+00
-9.209376547976920735e-01,1.313874817091747582e+00
-6.430802113706125811e-02,1.057220956349478103e+00
-7.269259378021040996e-02,1.210099900014068419e+00
-1.958915543722148378e+00,1.340736674580727428e+00
-1.500188965678656894e+00,-1.010754297962615844e+00
-3.285519089484118527e-01,-1.727379782434699529e-01
2.937629607859836955e+00,5.860583376232223474e-01
-6.079829324582042283e-01,-6.004770916238469924e-01
-1.297978245697035016e+00,-7.194214097056010893e-01
7.298326232979956973e-01,-7.267692197067174842e-01
1.909356610005160659e+00,1.129207309290065631e+00
6.150953578627239571e-01,5.656080031462877855e-01
1.020770795228089556e+00,2.750358076436111854e-01
-1.308804958631366588e+00,3.856368232481802716e-01
-1.136169804153685181e+00,-1.553246579159465846e+00
-2.010076612355369274e+00,2.956980829379614040e-01
6.588792581699718376e-01,-5.099914142306856135e-01
4.749816320905667633e-01,-7.077371779286636411e-01
1.392753109558335367e-01,9.600133024206208843e-01
-2.684530461754559005e-01,1.417787326046843432e+00
-2.176223578352500521e-01,9.779420712643178693e-01
3.796982527193529244e-01,9.220845440119874725e-01
-5.443145760169743747e-02,5.685076353003705174e-01
2.652530751494474703e+00,6.275841243416856452e-01
-3.200128761925934207e+00,-1.572786806201560861e+00
-2.775928607554540781e-02,2.770752354549085861e-01
3.489464077246698381e-01,7.736143730751369185e-01
-3.649340620170050009e+00,7.738198985520545747e-01
5.712383934555425036e-01,7.088755540677984524e-01
1.887472950565378227e+00,1.947897070398044717e-01
-1.803758038919115014e+00,3.626450241686989817e-01
7.274637585793447547e-01,8.532624947456701747e-01
-1.213585660447832337e-01,-7.533888230867308300e-01
-1.119077981066517236e+00,5.985455641810257799e-01
6.380172826396918184e-01,1.201057072218417732e+00
-9.021796504583682319e-01,1.780372202821635108e-01
-1.386139785712184880e+00,5.150037000661449316e-01
-5.437061660673114805e-01,8.092635940059112951e-03
-1.337401391222676095e+00,-1.176002062490782096e+00
2.405737346049875436e-01,1.615565845917238841e+00
-3.196848077912029518e-01,-7.243655840703872029e-01
-7.150005264731429389e-01,-1.758411086072580787e+00
2.599002909020040053e-01,-1.879324056044674451e-01
-1.152590458917440941e+00,1.242993770369951623e+00
-1.607831913043654692e+00,-1.141971080805270100e+00
-9.026277100592875469e-01,5.699056319515622970e-01
9.278206973540982505e-02,2.456868728037899796e-01
-1.529419817370898382e+00,-1.259923945631307385e+00
1.035716154649444887e+00,-1.837642321961991065e+00
-1.348911701935965046e-01,2.404874131483635269e-01
1.915132404555364154e-02,3.496322364809661964e-01
4.817415500518318350e-02,-3.984988422377374051e-01
8.125447997107988485e-01,-2.052846377783958121e-01
1.025196859296253704e+00,-1.943410518588332414e-01
3.036261718062250314e-01,5.022005950199822655e-01
-2.866036992958851948e-01,-7.886545350148770339e-01
2.204350666639134648e-01,6.546672657290787400e-01
6.066795840879887214e-01,7.601939476372492344e-01
-1.925753682169336845e+00,5.673135550888098733e-01
6.328759064487398112e-01,3.222287115233017918e-01
-2.355652353918605973e-03,-1.118932793003649451e+00
-9.519851094576574635e-01,5.615150523039973418e-01
5.555971279464253509e-01,5.748319422467235151e-01
1.115408503782510552e+00,1.402464594394236652e+00
-8.074922772128649839e-01,3.060690800142695789e-01
-4.845732356099092808e-01,2.319204602530922088e-01
8.266837397272064347e-01,-2.756991731369349719e+00
1.419542202628775451e-01,-5.988961390313999322e-01
-2.106702765166822144e-01,-3.618432417862576383e-02
-4.619606502177078244e-01,1.890537889626427104e+00
-2.068282561536106900e+00,5.149609559202691228e-02
-5.673207698855721182e-01,-8.005794434997209885e-01
8.122334927553243045e-01,-1.072115521592150733e+00
-5.603914087899624086e-01,-8.068162976713537660e-01
-5.292607327036458198e-01,4.845520632782518988e-01
-3.149844939415977207e-01,4.130050276749889226e-01
-6.610542412553471747e-01,7.721896478239846651e-02
-8.317526896959442917e-02,-1.137708247969772657e+00
1.046433325411253445e+00,7.837287739127849484e-01
7.010371572500230242e-01,-2.129473429039793406e-02
1.851300601354726183e+00,4.109466301616332973e-01
8.506507344385090263e-01,-1.724468330373693514e-01
-1.499550056529243003e+00,5.531867964215111955e-02
-1.033876293733178686e+00,-1.519847802476307574e+00
-1.011333500808640151e+00,-1.122947090857326691e+00
-1.764906177053130465e-01,-2.847884298745106513e+00
-2.269502588321104852e+00,-2.207643445480150124e+00
4.003952766946826114e-01,-1.069195591415245783e+00
-1.320600897144199815e+00,1.249386462599915149e+00
-1.275762552134942704e-02,1.132378620198318531e-01
1.112622236080720528e+00,5.374895641939420043e-01
-1.241240628070040319e+00,1.078400748813741927e+00
-7.218157006571683798e-01,-1.048056791518519604e-01
-7.425930941287264830e-02,5.868046985145324024e-02
-1.053196711102212246e+00,-7.785354726096671563e-01
2.358339070649134034e-02,4.492928152928939989e-01
7.532078768349463882e-01,2.100930233739423947e-01
9.594587592405636745e-01,2.202254160007115935e+00
4.135029091978054683e-01,1.138605856185034709e-01
1.439563970852550112e-01,-7.403201887742201226e-01
1.305224818633068606e+00,-4.096651787714786774e-01
7.250044045853903940e-01,-1.548163411711941828e+00
-6.355618518324127608e-01,-1.832832498391220311e+00
-1.016892886544700086e-01,1.721382112134705933e+00
2.908885354395067679e-01,-8.781341251263163894e-01
1.472158018183442885e-01,1.821832265344462409e-01
5.025506412281196544e-01,4.395600165378832358e-01
1.180392239826229650e+00,-1.591434547863099347e+00
8.413035578540370985e-01,-1.347664081776169843e-02
1.060480437726675884e+00,1.376765081893386089e+00
1.259808109013098809e+00,-3.540500494724723168e-01
1.154863876280026291e+00,2.536706827809267484e-01
1.686523676268876226e+00,-1.483686214561119154e+00
-1.473014746805120678e+00,-2.360208698808143435e+00
2.263062920090908481e+00,-1.064589163686307405e+00
1.544498283688497953e+00,-4.949950397878812858e-01
8.085856105065690747e-01,-1.523027733272028561e+00
-1.481156166503023452e-01,1.106785921573209874e+00
1.033089598852143132e+00,8.710595857934728681e-01
2.958242040983500298e-01,-3.200485395250057263e-01
-8.012962821377078715e-01,-1.072561145235369162e+00
2.262344903575624552e-02,-6.477976106194945904e-01
-3.367194759704161267e-01,-1.623528698587958674e+00
3.781944468169115559e-01,-3.330942987651207277e-02
9.948611769931219040e-02,-1.391740221666854307e-02
3.853297923160164951e-01,-8.369380087729324513e-01
8.455753019868532672e-01,-3.076088713478570269e-01
6.645265053593655269e-01,1.432590849598644134e+00
-3.953143655807280221e-01,-6.239790785686182284e-01
6.448987273687201149e-01,-9.344224439412249783e-01
1.065192527684385299e-01,-1.112603155311155945e+00
-1.001254920624961686e+00,-3.765438436809077222e-02
1.475681066970182753e+00,-7.949241362707145653e-01
1.606193688075042980e-01,-1.007590921187832222e+00
6.693334859801451930e-01,1.630803788345835725e+00
8.953782845132760571e-01,6.111042033791903583e-01
1.280816629435978626e+00,6.979268035250344449e-01
-5.037587065854294277e-01,2.604446777993767448e-01
-4.923781465095585785e-01,5.857553326097517665e-01
-9.883785959935241783e-01,-4.600946616523395871e-01
1.983245267581061344e-01,-1.762452270595916470e+00
-3.673936939103175647e-01,4.388632181479308336e-01
-6.806796085078733460e-01,-1.577172421161042504e+00
5.228896871656650847e-01,-1.083739063256632384e+00
-1.271173386955352647e-01,3.868831184018642344e-01
4.487500067304793783e-01,-1.877273709452816464e+00
-2.326287388742019346e-01,1.420061041531111456e+00
3.401253511589680811e-01,-2.275317815321010184e-01
5.013942546996121713e-02,-6.836885119734319449e-01
-1.268518907748158453e+00,6.535796392155479584e-01
6.756373065559133639e-01,-1.064910815515181186e+00
8.485367243201387133e-01,-3.241912630371577841e-01
1.092637018108986169e+00,6.517727011655498615e-01
-7.601037614450837365e-01,1.285047627499513179e-01
-1.709378913891538287e+00,1.752582661995340407e+00
5.182104026223610660e-01,1.546160305984561445e+00
-3.299407020996511508e-01,-1.170743452275918722e-01
2.098171518283292458e-01,9.498324623072806894e-01
1.527744156194561054e+00,-3.495130709684773906e-01
-5.866961604983428336e-01,2.098409649315067793e-01
-8.007870179832328184e-01,4.162448327719198704e-01
-5.712006092227718268e-01,-2.064457795932518047e-01
4.577434257412692740e-03,-1.170664396136064322e+00
7.669630162747591573e-01,5.461555974806537872e-01
1.597854361697059078e+00,6.860484859203134222e-01
3.160345091821528118e-01,9.543926166864417915e-02
7.561568133563075778e-01,-6.668860192883553362e-01
-1.929290798247710881e-01,6.293582683486464990e-01
5.622773235421534288e-01,-3.051302818268291084e-01
3.546680954987359996e-02,6.942303225918166065e-01
-9.395870390846358111e-01,6.691566186003657934e-01
-3.876485745205755507e-01,-3.016906465497583012e-01
6.525951146175040796e-01,1.609159119031371876e+00
8.233301930257185264e-01,-7.121952045020821798e-01
-6.873576687503942795e-01,-6.607204719870143350e-01
1.185685355744923397e+00,-6.050791391994219115e-01
-5.366470129126490463e-01,-1.658732734271522458e-01
1.876329081677616251e-02,7.367366040816943906e-01
3.076997459447519678e-01,4.680500891641700689e-01
-1.225763612567339012e+00,-3.535919988933799440e-01
-2.078833641838917057e+00,3.853078315706701673e-01
-3.807114656567472388e-01,-1.443221669607636093e+00
-1.781431595568200577e-01,8.625445161941891481e-01
1.977046755456946248e-01,-1.518136539181792477e-01
-8.479946298059579668e-01,3.071622202478372921e-01
-1.175035842031884936e+00,9.573594040672587235e-01
1.915491452917265969e+00,-8.265353664167816861e-02
1.175604273041454872e+00,3.856277182989618080e-01
1.813237534195396572e-01,1.136566484955223721e+00
7.523121663298455442e-01,-2.942940827907594703e-01
-8.757147819864520288e-01,1.087197003505053772e+00
-3.545141946856302795e-01,-6.160149420134183318e-01
-4.361315339738006114e-02,-1.631896703880064470e+00
-1.356193485020090739e+00,1.059563565321747225e+00
-4.091953765088112566e-02,1.023307743449747287e+00
-2.151346838794563343e-01,2.091361880777563298e-02
-2.719912454283544556e-01,1.319259920326525393e+00
-9.406089239426297377e-01,-4.569961649332224263e-01
-8.667168296447077536e-01,-3.949898831202267591e-01
2.072329678620256743e+00,-4.982447896592594183e-02
-8.022805708445587269e-01,-1.350165056724526469e+00
1.100015735692693175e+00,-1.509593583070629519e+00
1.077613189152739140e-02,-1.042862376329185548e+00
-9.816691706356547309e-01,-2.121601485231670914e+00
-4.894164459499122932e-01,-6.584236417484198300e-01
2.075091048549332573e+00,3.281094393689932831e-01
1.557429947614394017e+00,4.323064810450871764e-02
-6.472986054023861513e-01,1.694760055900880413e+00
6.899184856186911796e-01,-1.032822075934892281e+00
-1.984908027383522011e+00,1.372715387314237256e+00
1.917905703626119562e+00,1.931300962604448168e+00
-8.155768381642855003e-01,-9.999798491178142346e-01
9.765797022642671577e-01,1.556907868455164934e+00
-4.425915041655330007e-01,1.218470736086009643e+00
-2.081691734558653195e+00,-1.039567088171075238e+00
-5.901905124950513892e-01,-5.206343056623306126e-02
3.678728831408112909e-01,1.241061474090829675e+00
-1.814794736735382719e+00,-2.494445701795022341e+00
-5.513818982646286893e-01,9.502311296593014545e-01
-9.508099150549290668e-01,1.949985440036111628e-02
-4.304078546481597267e-01,6.902341046210053177e-01
8.933561715966089611e-01,2.927317304538577525e-01
-2.535493965840009967e-01,1.013083761906652835e+00
1.211795883198189872e+00,-6.037304028632299868e-01
-2.850473767434518191e-01,5.293174242076619240e-01
-7.869280330189913630e-02,6.626140716266417652e-01
4.626739647472618566e-01,-6.110371168718354840e-01
-1.206654212388317132e-01,1.134534012503256584e+00
-3.612940907415010949e-01,-1.495505823841126736e+00
-5.560532134521670722e-01,1.052286552370106820e+00
2.881400066835381191e-01,-6.465260955527170339e-02
5.155421354032569958e-01,-5.952901816311850780e-02
8.551417573879690481e-01,-2.799119066502094716e-02
9.515297808278302405e-01,2.063205816897313860e-01
7.692890733367285794e-01,-4.257644698557454532e-01
7.465202271196899053e-01,-7.803065759357235009e-01
-8.911521067643396465e-01,-1.522898350108947474e+00
9.610823062917510651e-01,-3.293184501359724403e-01
3.630844692651576389e-01,1.382276874473545858e+00
-1.224546490977459767e-01,6.843943114490075308e-01
7.693565315325420206e-01,1.401828089780486675e+00
-1.565071323503846312e-01,6.317234427734533808e-01
-3.265493833437874138e-01,1.090801217991421268e+00
-1.517364925516924423e-01,3.161696635630755203e-01
1.046022750169836313e-01,4.581509574389379669e-01
1.188616087083052664e+00,8.211317867853316077e-01
2.041169531491653810e+00,1.217744002668283310e+00
2.692565792766561383e+00,6.567166952854884832e-01
1.463665416863528801e+00,6.589902931509602491e-01
9.261792160144800556e-01,-7.419233230238401200e-01
-1.189634412694136056e+00,2.926973258000956868e+00
-1.584972666843346145e+00,1.299890279940140392e+00
-1.526846452669880394e+00,-2.047674406839595562e+00
5.399439450396527063e-01,-3.162551606426152184e-01
7.312663159473521413e-01,1.367421201206694970e-01
9.256729978065462161e-01,3.517713346800069862e-01
-5.581960386509036975e-02,-1.386085224713046626e+00
1.094462625160976366e+00,3.012362917074430602e+00
3.512568455632091302e-01,1.528299067405907374e+00
1.981684851462251207e-01,7.776109046241979073e-01
-6.529122734418070229e-01,9.820877735204168735e-01
3.495347849682390873e-01,-6.841397813067612299e-01
-8.970080063450694974e-01,1.456058913638386798e+00
3.549145903011757253e-01,-3.860707466769332519e-01
-7.866318637849263329e-01,-1.327159949534327588e+00
-9.352682206772060525e-01,-1.005452509786706639e+00
-1.547366452243330803e+00,-1.430858314793495567e-01
6.783983656607815993e-01,8.634469707375995451e-02
-1.450545989022113513e+00,6.894051695690281978e-01
7.007535179238244538e-01,-1.304086298663151622e+00
4.225213038404036503e-01,-1.261632922108224183e-02
6.788151586854944686e-01,9.956242450897866414e-01
-8.658769177947234219e-01,-6.091419516698021175e-01
1.045186930975362971e+00,1.203820278022627699e+00
-7.147304183794532528e-02,2.361218882186454093e-02
-8.107645699560248609e-01,1.170472572697415448e+00
1.290619464436797148e-01,-1.883148714092267029e-02
3.916642616572591495e-01,-4.808913674818415286e-03
6.995578730181854776e-02,3.657094344460155022e-01
1.273528421898970919e-01,-1.011071993891405452e+00
8.995833492219355021e-01,-8.982111438344498877e-01
1.174188745857034588e+00,-4.760984615789594643e-01
-3.501645348596207907e-01,-9.004488761852000311e-02
-5.644147958132587073e-01,4.729205862960104700e-01
-4.137860688708698831e-01,-1.203559903774231499e+00
1.370737018101293669e+00,-1.432285388452011254e+00
-4.967697754653977588e-02,-1.278389067917417687e+00
1.474082328293426558e+00,1.421307201116186247e+00
-3.907796408358169549e-01,-6.330725248714215159e-01
4.453246418609843604e-01,3.852997627323737073e-01
-8.715930636960373956e-01,1.523973220890492808e+00
2.222774858639527396e-01,5.480885125198124985e-01
-6.142441544883824739e-02,1.035129301174263938e+00
4.175685255814332031e-01,4.647830604103609375e-01
-7.083813606896741666e-01,-2.175342241708424496e+00
2.424690603113697662e+00,-1.359312522735826478e+00
6.919386196474257567e-01,-7.280674207696687938e-01
-4.939510996676853005e-01,1.129219289100924728e+00
-2.352378601154159643e+00,9.581459896511526075e-01
2.953910289614996021e-01,-9.959614019106751703e-01
9.533108230391873494e-02,6.877325733812240938e-02
-1.157736330210408449e+00,-3.268213043563366615e-01
-9.189563878934284280e-02,4.244340197964182604e-01
-2.834557727373178682e-01,6.976314904680415152e-01
1.276794412875517370e-01,-1.115917314968947860e+00
1.623051358531043098e+00,-1.202124968572187313e+00
-7.248157366168365145e-01,-8.265236677295885181e-01
1.468937992961277805e+00,2.061967554864686303e+00
6.929087262079809684e-02,-5.606941439633794655e-01
1.324124201765449316e+00,-1.011064417713873231e+00
-3.467541306275495616e-01,-9.573104578846434176e-01
1.312747610224245465e+00,4.107916509283990880e-01
-7.751060447775559581e-01,-1.035416989822654399e+00
-2.579384521966917809e+00,-2.098803912110625447e+00
-1.127440977346866324e+00,3.087600525076852551e-02
5.647019977144468461e-01,9.066283253954060539e-01
4.586801886369263476e-02,-4.212593071404130418e-01
-5.130136179780514505e-02,-1.835762519470787391e+00
8.146350606028057717e-01,7.782144042669356665e-01
-5.401458012359743321e-01,-3.076670415314955442e-02
-3.114167944792901183e-02,8.420386699370803196e-01
1.488801289139344564e-01,-1.943019734210278626e+00
-8.144749172485518662e-02,-8.008462394450174271e-01
-1.972632200970673155e+00,-4.961277854796488085e-01
