6.754348656543270879e-01,7.520212261661253228e-01
-1.532389314676976699e+00,1.193187727706391144e+00
-2.328097765209286019e-01,-4.904739393089667665e-01
2.064078672262266156e+00,-3.036056727960781410e-01
-2.705596502989412233e+00,-1.107715723792843943e-01
-1.582116560359195123e+00,-7.200350514253494039e-01
-1.578454884542212833e+00,5.690736121907232770e-01
-4.166420282849808143e-01,6.594008864563466465e-01
-1.013375029656557347e+00,-8.839645713768494728e-01
-8.538260032333093719e-01,1.537823775602336317e-02
-2.241277107565401994e-01,-2.784854948680601350e+00
1.963549950027952073e+00,6.115170234269455829e-01
-1.541975340808215966e-01,2.002084485787105628e-01
9.969996486142221892e-01,-2.373561569654923306e-02
-2.096705112202604138e+00,-5.828618712073163621e-01
1.091338297379062183e+00,6.263301031652440676e-01
-4.659556705237107299e-01,-1.146726730045642739e+00
-5.382859244557092193e-01,-2.143770535765549268e-01
3.526143266510098351e-02,-1.471165476261202809e-01
5.356880524355698281e-01,9.946914003843854157e-02
5.629598952170070669e-01,-1.533545964807709883e+00
-5.276301318226190862e-01,8.192702846603655553e-01
-5.554493364638357633e-01,-3.671091995038548023e-02
5.648555051521783055e-01,-8.854605451631970547e-01
8.363001728309999994e-01,-1.123042347371807498e-01
-4.457849346156806947e-01,1.690890977424332586e+00
-7.658478525695545658e-01,-5.876332456375591429e-01
1.587440751973224096e+00,-1.195174238058609006e+00
7.897990405907991951e-01,-3.164711435556640806e-01
4.915590539452948105e-01,-1.364541788971221914e+00
-1.685210317152187054e+00,4.824354645126182617e-01
-1.687082119208551001e+00,7.190097979283331942e-01
1.462693618759664527e-01,-4.135538747827394168e-01
-2.460343672701070350e+00,-1.014858328966985912e+00
-1.579194172667290230e+00,9.478444328717352541e-01
-9.828428031444684798e-01,7.575826604554177779e-01
5.409101174064441242e-01,1.526794337587732420e+00
-8.936263784258498266e-02,6.256714596326846678e-01
3.171460845840608389e+00,7.671133785969803942e-02
1.288674589798275427e-01,-2.649920464268418555e-02
-1.599324168292094672e+00,1.590084282360236134e+00
7.805892989419207506e-01,-6.221937064938477535e-01
1.378572798143782752e+00,2.029752548385472810e-01
-9.425539747245068600e-01,-1.967377961963529653e+00
2.211638401736502946e+00,-7.355852787133492221e-01
-1.340342422729167593e+00,-2.940154720717574333e-01
-6.193117532932600894e-02,1.351598100791162382e+00
1.933233346709714695e+00,-7.414370501586017292e-01
-1.768048692600339811e+00,-1.008926124932120860e+00
6.030776559318983265e-01,3.878611658089015646e-01
1.492576289327776085e+00,-4.315985956899183185e-01
-7.994946704670260473e-01,-1.902201342657655614e-01
1.786564072374500878e+00,8.956951789994281876e-01
-1.392860852200598076e+00,4.398756606323928620e-01
-2.967880549817960567e-01,-6.446499532964958812e-01
-2.747651133337737361e-01,-5.598858205855450354e-01
2.547872486183121454e-01,-1.488799838274397491e-01
-7.761593249592911581e-02,1.777072200790037471e-01
4.044188024986869467e-01,-4.389772965646971947e-01
1.915383237977289266e+00,-1.388378422763438591e+00
-5.083205354595897729e-01,-8.342016437691103237e-01
-5.156405011358320412e-01,1.380768117569698639e+00
-1.627871131400548510e+00,-4.538491216087478519e-01
5.556071651634580943e-01,-7.846146367911212283e-02
9.126286004028651977e-01,-1.173560692706982822e+00
-2.247713729553411088e-01,1.166505404333455287e+00
-2.262903240912710778e+00,-2.140140253264809278e+00
3.548185527337185396e-01,-1.298438989402593613e+00
2.964773740771538546e-01,1.151565051228589792e-01
9.366834449501529880e-01,-4.357777812313947119e-01
6.429736179628351422e-01,-7.591640639910798294e-01
1.320002584566214443e+00,4.538849522464127317e-01
-3.542477136434770690e-01,-6.410714565847938085e-01
-8.197014295325746325e-01,-1.176829432701902434e+00
2.855071825457790591e-01,9.492366198418668299e-02
1.555679532638956919e-01,-2.138853269411137958e+00
-4.741024059661311241e-01,8.060801614451942876e-02
-8.553359106277113044e-01,8.108436554331434065e-01
9.322249165879468169e-01,3.837102808306774304e-01
-3.114503908433403634e-01,-5.332727584217676897e-01
-7.167807575532402220e-01,-2.266594562300339177e+00
6.240432948289432735e-01,1.323380401387826977e-01
-5.995899055456674898e-01,3.119494436094946699e-01
-6.955637152356735076e-01,-6.763125481636235170e-01
-2.924709852395099979e-02,1.506523685531300893e+00
4.534357131343273450e-01,-3.723912357854086697e-01
1.709463126274064215e-01,-2.373102086282151690e-01
8.394422132355738864e-01,-1.477787478398678633e+00
8.047196265341962640e-01,3.178796170175469116e-01
-6.207618143571115299e-01,-5.567814229974776818e-01
-2.146395937292037148e-01,-8.153014959077546919e-01
8.296015007925163776e-01,1.833675091555471148e-01
-4.278365641360581395e-01,-1.841606081641415482e+00
-9.827654485929676609e-01,5.659365940075740120e-01
-4.990739025231549220e-01,1.152750827117718480e+00
1.410569319990555293e-01,1.793741577023442169e+00
8.940078189026423594e-01,9.707749430772254495e-01
-2.273613479906334334e+00,-6.801712916431359446e-01
1.322119208803050450e+00,-3.319131985748146607e-01
-1.079913815126004373e+00,3.072937944346530448e-01
-1.533622799584815732e+00,1.693798996111487654e+00
8.132887766332468349e-01,4.546568238946857021e-01
-6.004637370831544807e-01,-1.182471749352158596e+00
1.866984794041318396e-01,2.605424116841340343e+00
5.422133457368266685e-02,-1.110549158544882120e+00
6.467647654647632471e-01,1.580572559371950236e-01
2.212793652834883166e-03,1.157498779990127381e-02
-3.088520277699616234e-01,6.684773486396101971e-02
8.109115457586273112e-02,1.996346502269592121e-02
-9.946259013599449972e-01,-1.779764478298522024e+00
1.234767510551769976e-01,2.899552726632620980e-01
1.107128419522689644e-01,5.229740545807751717e-01
-6.080591934154786632e-02,-3.779538130445409538e-01
-2.751605447961282813e-01,1.493067024032155438e-02
-5.432694188164606253e-01,-1.935563048110544582e-01
-7.687494370174463576e-01,1.022921322505756514e+00
1.781027522506349658e+00,3.945812566812292865e-02
1.884391789074310486e+00,-7.469784642113880269e-01
1.561631725455636943e-01,4.055877491697103959e-02
-4.066773487289226385e-01,1.758441194779341243e+00
6.579948842560927602e-01,9.780211679582244411e-02
1.268959254322645336e+00,-7.778385143586440398e-01
-2.009659196373758672e+00,1.406367179908136311e+00
8.318382593399733516e-01,-9.496976965316417107e-01
1.576421715670982548e+00,2.793928664183660815e-01
-1.229525718745242857e+00,-1.133186508630408484e+00
1.374748163091861208e+00,2.459319243033034397e+00
-1.205435975354715250e+00,-5.808586890108284884e-01
-9.739197879070194963e-01,-3.312745290004679988e-01
1.547801800406682915e-01,-8.946402078030788463e-01
1.327822400962137550e+00,1.666038380053407320e+00
-1.960563927702816622e+00,6.893151980941841783e-01
-1.542979951604349642e-01,-9.419144430453313399e-01
-1.962755246081056837e-01,6.690149892418050248e-01
5.906542888302276362e-01,4.048261680784097094e-01
2.146978406378301230e-01,-1.445242794646008466e+00
-3.937525864902965966e-01,1.503975426664688086e+00
-1.179215903578515690e+00,1.314368213232245619e+00
-1.113589549129440304e+00,4.078132738071618135e-01
-5.817758045468134354e-01,-3.312690125334679658e-01
9.557659707698789031e-01,-3.014259511842262151e-01
2.098407437624301985e-01,-7.397765140996853672e-01
2.741293686044562472e-01,3.748666401686194527e-02
4.583211651082883531e-01,-1.066603352448148190e+00
6.828907659165214250e-01,-9.774017634732828919e-01
-4.489344774978113461e-01,3.391717600617246697e-01
-9.002252123359383296e-01,6.216550412200235742e-01
-1.421407517829793354e+00,2.957357492982802261e-01
2.399128281925944628e-01,1.138831608971342391e+00
-1.510290828548284114e+00,-8.900930864273933762e-01
8.528146228791075867e-01,2.800004930389894953e-01
6.641619282952062608e-01,1.695311185888718208e+00
5.897808950880130408e-02,1.944862372455536725e+00
-1.107128902019121508e+00,6.792110164625664304e-02
1.147323228768809544e+00,-2.534948503850554397e-02
4.450229041330737434e-02,-9.022338221322966090e-02
-6.003012278535200252e-01,7.856017962815687872e-01
-8.761929723839437800e-01,-6.950351298122119104e-02
1.166718897226440288e-01,7.532714448900846849e-01
-2.583898405933936493e-01,-1.458492906543456868e+00
-7.940948913337592119e-01,-1.187434271791488527e+00
-4.851832116376305071e-01,-1.550694788420104775e+00
4.645338332918280688e-01,-5.715075266566304046e-01
4.362029197709892392e-01,9.060932413266261642e-01
1.236420905850565077e+00,-7.975603499179904909e-02
2.202061139223905895e-01,-2.594404452901740155e-01
-1.819199442837206304e-01,-1.383302477195667235e+00
1.748708465327148298e+00,1.159912166888452223e+00
-1.130274299341196942e+00,-1.164391466423970734e+00
2.711888717342874622e-01,3.083373062617638105e-01
-3.624510917309954894e-01,-6.053964147224626391e-01
4.803462872135259576e-01,2.035277519445735539e+00
-2.122139692944054468e-01,1.760478555840843395e-01
5.138767395394423509e-01,-1.087983460909418998e+00
-2.064549175875066700e-01,1.754774309983062164e+00
-1.520651442540579934e+00,-8.737643547564067914e-01
-7.393027312439744980e-01,6.400697025338755175e-01
1.099292670333198996e-01,1.832231708155222405e+00
-1.198949744762895175e+00,-8.468855700043834145e-02
5.422514949877990098e-01,1.422645638839477478e+00
-4.962508240241020330e-01,-6.844054089776903382e-02
6.013010872479240820e-01,-4.031076059637508369e-01
-1.257115425331836844e+00,3.639744924731685982e-01
2.992651690407218679e-01,9.302883531491363822e-01
-4.651924151494225002e-01,1.563577954928806690e+00
8.425801728253413669e-01,-5.516430850637428218e-01
9.751086750109599910e-01,3.825004091887245217e-01
9.525524177904188816e-01,5.855776840456237142e-01
7.224386188625917526e-01,3.133074344788204790e-01
1.476018724984965447e+00,2.395850759175330580e-01
-4.723675659791879422e-01,-4.444688146360163405e-01
-6.402906803467164898e-02,-1.992875334099282414e+00
-2.428024665713711117e-01,-1.243331494061753029e+00
-2.646741282963725461e-01,1.163565214121573321e+00
-5.106171092672973089e-01,-1.508942379043313409e+00
-1.880114396586465952e+00,-1.256797547641186563e+00
4.894413014230877823e-01,1.661644093017478951e+00
-6.218458384878597922e-01,4.392922738580393727e-01
-3.899348404817382097e-01,-6.321411789963262695e-01
1.585671477808199281e+00,7.581740041611129133e-02
1.476402959307308027e+00,-7.962677618529467871e-01
-6.086649814522332447e-01,2.371177761955408858e+00
3.528073855502197320e-01,-5.124441512675299154e-02
-8.933880527465206667e-01,-1.540630199749486895e+00
-1.238810412085485479e+00,1.195182827273676418e+00
-4.363936614908883738e-01,9.843145543161381517e-02
-3.214334665991927520e-02,7.457622207104042111e-01
7.805576325415892747e-01,-6.235569443117957578e-01
6.522282569488915271e-01,1.065187729001580319e+00
1.140378012642502714e+00,1.321174683566017860e+00
-1.787445571170852121e+00,4.953230930347109484e-01
-5.685822581576944756e-01,-1.314489065283579894e+00
7.108425366821896629e-01,1.013823974373802672e+00
-1.090721570423465181e+00,8.942030177726881801e-01
1.054134705239601066e+00,-4.456738784593773650e-02
1.184082542913945213e+00,8.052747615673725434e-01
-8.175170405220007555e-03,9.292563375106212276e-02
-1.148681098658376420e+00,1.641762100499604360e+00
2.925629195480982658e-01,-1.406794402972863844e+00
-8.646689337434135814e-01,5.849637758847917590e-01
4.737586132396939265e-01,-6.366060340892800706e-01
5.032721834262527949e-01,-5.430118000314847204e-02
1.434678832509814761e+00,-6.999513445782501453e-01
8.381407668344573736e-01,5.887431572150396419e-02
4.374994934970596328e-01,8.808969058927234030e-01
-5.136287393906455723e-01,7.368899228683380986e-01
-9.923816761911248285e-01,2.987605541545758636e-01
-2.237498991272320215e+00,-1.408386187744005591e+00
-8.394182196798429807e-01,2.633323229166369406e-01
2.182178810884692233e+00,-2.738843286643123931e-01
-5.177948340425673202e-01,-1.705312115499077130e+00
-8.196584318402014846e-01,-3.075919518090866611e-01
-8.043936157762949790e-01,1.214670573743602766e+00
-1.107300616459494291e+00,-1.916397973417025558e+00
1.628614739861377947e+00,1.383548435830938006e+00
6.556574803086377967e-01,-4.210161593352331755e-01
-5.143116475591122949e-01,1.418492017654807480e+00
1.083426781300719649e-01,-4.150871830221007364e-01
1.189180240475282035e+00,5.303695988799107114e-02
-8.838212050468001457e-02,4.316625842290270909e-01
-9.336398756876382321e-02,-5.938282746402286927e-01
-7.347651763169399386e-02,2.289570689044072349e+00
-4.914486117554369704e-01,-1.949262116099670816e+00
8.963743956526905032e-01,1.146980282116175198e+00
-1.661050874681084144e+00,-3.729092340979762721e-01
2.726290273604005665e-01,-7.521763337946760775e-01
-1.036055460908461345e+00,1.351278616454886006e+00
-3.315246913287451802e-01,1.333961942238441223e+00
1.060848921816859081e+00,-8.057251091265202891e-01
1.128026276231517827e-01,1.021834706257904291e+00
1.079756725991005029e+00,-2.227070833076667089e+00
1.607851436959007785e+00,5.216688733490439933e-01
1.023515317579897665e+00,-3.939177742560680540e-01
-3.771702067937604541e-01,-7.331587840031870140e-01
1.204661655776166462e+00,1.789346339373425021e+00
-4.148060415801039791e-01,-4.858543946506411748e-01
-2.393730653238833828e+00,-1.496144944326128177e-02
3.244854401950550676e-03,1.557181342738455321e+00
1.961587352889472280e-01,-4.393436725094550521e-01
-5.047850821297504842e-01,-7.675548068210649166e-01
-1.583476378842496812e+00,4.119347541366955023e-01
5.755202218545040216e-01,3.917676236450605698e-01
1.612912485947816388e-01,-7.601167475898150394e-02
1.489579975505018750e+00,8.737674096786666178e-01
-1.601915996878648940e+00,-1.701936629257375433e+00
1.251903244017738226e+00,1.362607969784652810e-02
1.273968541187522341e-01,-2.961217911765123834e-01
4.938158074515219820e-01,-1.579414373234554247e+00
-6.885267665893255451e-01,9.595316067610439870e-01
1.215093642862842271e+00,1.561417590920900711e+00
-1.796905164591143578e+00,5.093087641438855950e-01
6.825427925968363674e-01,-1.685497888972015579e+00
-4.065365355202590347e-01,-7.004971495098278877e-01
-4.537618593364267650e-01,-5.700922862588039264e-01
1.758803106003745814e-02,2.881217364064111441e-01
9.020366361986847936e-02,1.359578840631931129e+00
1.362742776717935367e-01,-1.477821770442859117e+00
-1.083166958831826676e+00,2.762471652539486566e+00
-1.507427818010739773e-01,9.455487241555406985e-01
4.895079123003813204e-01,-3.224246808348240068e-01
-4.907194976418265964e-01,6.783348497474772643e-01
-1.583252865244694219e+00,5.927951633380783569e-01
2.873842467815375112e-01,-1.829841574347605415e-01
-9.315060763728050253e-02,-3.396367426631056730e-01
-9.633880081714341070e-01,-1.744706512706847290e+00
2.438495159620797936e-01,8.891470296775723092e-01
1.283391690980603350e+00,2.875432841776853765e-01
-1.514862664302279560e+00,-1.070621832900362946e+00
-1.519217041192018280e+00,-3.010113412623148799e-01
-7.859511565618334528e-01,4.984461273165854411e-01
-5.669567015822079004e-01,-7.131539500246101282e-01
-4.963648649527891421e-01,-1.027359203697944395e-01
1.496523479465994289e+00,-2.459412177828354196e+00
-5.575238716458258414e-02,2.115638068070952560e+00
-1.060083982354185883e+00,-9.896339566988054948e-01
-1.521832075659647510e+00,-2.444373448110916391e-01
-1.169593365787227945e+00,3.209857110679027736e-02
2.383009495577184944e-01,-8.622668028222368886e-01
1.943615619447211507e-01,-8.941091404598940917e-01
-6.659476687558770758e-01,-8.435928824330405362e-01
-8.435723473042340548e-02,9.844047214180521310e-01
-3.187600671887597659e-01,-1.746942825159517376e+00
1.404887394274421775e+00,6.894807425998936701e-01
2.635097865748162738e-01,-4.740890121155906245e-01
-5.483442681748211811e-01,-7.687785871409923422e-01
1.553027195773727387e-01,8.370882879101118057e-01
1.835993319794839262e+00,1.037021892472207885e+00
-8.382353670749503882e-01,-2.453280024615205612e-01
1.025282935339120183e+00,-7.405537719021159093e-01
7.651846825192178958e-01,-8.050912024709799830e-01
-3.649572725292022368e-01,-2.538350121956216010e-01
3.581885618918528857e-01,1.930797397737485710e+00
2.141494273464982889e+00,2.538877294943840401e-01
-2.406906134794342678e-01,1.908878338500326621e-01
3.720758720270512798e-01,-1.101132085702783314e+00
7.963134896390705597e-01,-2.233976196860762542e+00
-9.492546286992853410e-01,-8.073148703450863106e-01
2.066982806720208538e-02,-8.138168147831095212e-01
1.001559920297143691e+00,-1.914032011562526892e+00
4.715229269813280277e-01,4.434130432968129143e-01
1.250926991791740273e+00,-1.202654789812964031e+00
4.412744207920226702e-01,3.111307837975732515e-01
9.563789052337859919e-01,5.655083464612768729e-02
-4.194435338057083684e-01,4.734317993295766303e-01
1.692340676693229407e+00,-8.935605288611745411e-01
1.261578951337172461e+00,-1.552271656258563004e+00
2.186876604342754771e+00,-5.350742166705895198e-01
-1.048372398918809983e-01,-6.811350721835551791e-01
1.092768725354220871e+00,8.977893283943710889e-01
1.250518848529418747e+00,-4.266421702039431829e-01
-2.364251854247576001e-01,-6.955691954284717315e-01
9.257224299598564021e-02,1.982297321262775081e-01
7.427667613693582638e-01,3.563077536015570868e-01
-7.719568445535227585e-01,1.431410283534024552e+00
1.317695263930016847e-01,-2.815350749135055522e-02
-1.501225147003152349e+00,-7.888243971724211434e-01
3.330823404224608209e-01,-5.400960183631677847e-01
-1.017212455433909257e+00,-1.072759184562156465e+00
-2.272720648505869301e-01,-2.381804099296413124e+00
-9.375017039275268527e-01,4.457304033920431174e-01
-7.320420341594032765e-01,-1.683427355080301460e-02
-2.513396989844061125e+00,1.552318279475676466e+00
-6.605336519240054827e-01,1.402127537638650612e+00
4.960626699388402394e-01,1.077642246726009168e+00
8.768264947148414479e-02,-9.988557081391202797e-02
-3.629573610245440674e-01,3.061994470956257430e-01
6.444066017533550683e-01,1.562140698193755228e-01
-1.774249454854975427e+00,6.571830089995626123e-01
2.289649313243528883e-01,-4.799970568266307969e-01
2.376736308859002111e-01,6.449894092439983906e-01
-1.263851949875972824e+00,-2.673056441719748322e-01
4.993438549500018309e-01,5.693017368494253105e-01
-5.229302378518786432e-01,8.748353619406795678e-02
-6.023806365177486466e-02,-6.774038627273830659e-01
6.447886331309925501e-01,-1.291599091093458718e+00
-1.134070291059751101e+00,-8.098390438860474383e-01
-1.283386145584644589e-01,-3.213848486326469800e+00
7.003264007329123020e-01,1.994358995011834834e-01
-1.860486726524740675e+00,6.867533073132076060e-01
1.050254459856787781e+00,-3.613020144455189042e-01
6.542336873312167844e-01,-1.265382691086424649e-01
9.575594741159194553e-03,7.668628745634180621e-01
-1.777258178777728626e+00,5.363786249321391697e-01
1.072091406411993741e+00,-1.207244586200919984e-01
-9.118840033280016522e-02,9.727997730017198252e-01
1.162651828250916175e+00,3.094849231828916136e-01
3.295871431287052955e-01,-3.355353471784575103e-01
1.310936271243554163e+00,-4.569010604936816211e-01
5.678675551079692685e-01,1.427927795920989729e+00
6.233012143892574519e-01,1.058420473995449917e+00
3.036932673916571332e-02,3.928712519588425933e-01
-2.413042627108953342e-01,4.501233877242296622e-01
-8.027024751238043265e-01,6.076833871310963753e-01
2.070870009025310932e+00,-8.168620280932519240e-01
2.381889842171560079e-01,-1.417047165592298708e+00
-1.823865740781761835e-01,3.427350250516188468e-01
2.897322697783930590e-01,1.471694995988225181e-02
5.032219733493139557e-01,-1.049527390705492502e+00
7.221053694976952153e-01,-8.566688254517041967e-01
1.164531428669267621e+00,1.755682480951891167e+00
1.045926129519605619e+00,-1.277874008118274674e+00
4.842267088105853268e-01,3.554036492154717397e-01
-1.756001354543041404e-01,-1.115333164527413379e+00
1.021819749278704670e+00,-1.222489478815585340e+00
1.272096861871690798e+00,4.371853443730876476e-01
-7.359430046500547995e-02,-4.699561405442513606e-02
5.661959991473402010e-01,3.225351184716729880e-01
4.403913582442103847e-02,-7.748931692185282438e-01
7.141941288599408001e-03,1.194190480929729681e+00
-2.734551725192143623e-01,1.356496640580790558e+00
6.888334220549947595e-01,5.397219502543715297e-01
-6.668469430361093631e-01,3.348510359791341262e-01
4.860414978106265549e-01,-9.521875444189923376e-01
-8.216327602598901825e-01,-1.248394604981285100e-01
-8.389304385425942756e-02,-1.107672677584794263e+00
1.972385791362148089e+00,1.072415139475209278e+00
-1.783777101157958678e-02,3.593189319811704308e-01
9.336657517527171546e-01,1.413003085006322213e+00
7.958054486714891684e-01,-2.071965128546922053e+00
-9.628468938418489609e-01,2.685578740178476753e+00
1.047747028192623109e+00,2.231774131165154551e-01
-1.133520287896871981e+00,7.149174718772516313e-01
3.287231737054556735e-01,3.505016252592004777e-01
-2.633286648983150235e-01,-8.428339274422885774e-02
-1.096627681513859365e+00,-3.914765137122423050e-02
9.562281301354345064e-01,1.415881851022857477e-02
-5.633100534883376254e-01,-8.967877299507520661e-02
5.876421834158486179e-01,1.568612904455066737e+00
-1.631547485281246990e-01,-1.262047934726160114e-01
1.036946281698666983e+00,6.161069538597675477e-01
-8.551134811338717556e-01,3.791154896525116835e-01
-4.735116215184972943e-01,-1.106090395098429768e+00
6.708103739970597834e-01,1.156643872025831188e+00
1.580374209627768145e-01,-8.433449677915084708e-01
-2.601626138608745809e+00,1.499042811043418855e+00
1.153300536205243976e+00,-1.604313870276882215e-01
-4.707557488588274275e-01,-7.744661558578809224e-01
1.842204619069704341e+00,1.758288973899767127e+00
-1.881878881639379442e+00,-9.030462602316866594e-01
1.222309936769993222e+00,-3.505017423803102328e-01
8.888698469632748400e-02,-3.112175281887635814e-01
-1.229105625768632110e-01,3.420853060067342022e-01
4.572514379597089618e-02,-2.319483212538577366e+00
-9.554256278182078344e-01,-1.538926910242401025e+00
-6.105864423828456511e-01,1.399125939737328184e-01
-5.188352997976393155e-01,1.725544443361173741e+00
-3.389359162890211441e-01,8.655683569697460999e-01
6.752523341174000437e-01,6.176949669829113754e-01
-1.780858486359789383e+00,-3.760059319405633094e-01
1.149584649798418345e+00,6.928116543008112638e-01
1.247241469911730016e+00,-1.520383931613366491e+00
1.485726117641030797e+00,-6.274959602156866545e-01
1.403037366620970006e-01,-8.160994560281000787e-01
5.152581446551431910e-01,-4.997159185572788709e-01
-1.313763968043559494e-01,-2.211727861116342675e-01
5.851922893227985423e-01,4.372492879448820480e-01
5.448644595176679178e-02,-1.360532794121132483e+00
-1.958789831925342284e+00,-7.851302419545164168e-02
-1.976221856279170713e-02,-6.511372664137767829e-01
9.112769491272927347e-01,6.596813064852551367e-01
1.339377488487574652e+00,3.561677115763680068e-01
-2.913803490711914801e-01,-3.211897210564993443e-01
1.497582995911180159e+00,1.770069120494081605e-01
-2.115867590864228376e+00,1.224760303350234336e+00
-3.931834411047266387e-01,1.953887182642074505e-01
7.339723841260831216e-01,-5.738655719760280549e-01
2.398255097527050239e+00,1.765489999467301230e-01
1.193182721844490590e+00,-9.669654374598112279e-01
1.224835515526073282e+00,1.020898163439928757e-01
2.054692673617067200e+00,1.034791021503423947e+00
-8.651205996165942658e-01,1.420653018270316537e+00
-4.590939231192030512e-01,1.109015157823607822e+00
-1.538857154229663182e+00,-1.668108405441220521e+00
4.363000410267738882e-01,-1.258186512902770504e+00
-1.345791433314619923e+00,9.466792876216825192e-01
1.636678403652043423e+00,1.274244501147780984e+00
-3.670673646587034877e-01,1.486334801439681108e+00
-8.923415285119014051e-01,-7.926904571230508623e-01
-4.960880739589209054e-01,-4.366970115496927041e-01
7.513842119152860377e-01,1.142046402853382769e+00
-6.779695391770986790e-01,8.479655645911672313e-01
-6.726719339917580642e-01,-6.395935381640316386e-01
-1.607886118291527722e-01,-1.399133766945328539e-01
1.065814360456325494e+00,1.337923225177256814e+00
-4.344191263530751135e-01,-1.016533446963013620e+00
4.325844814041793773e-01,6.450471462557983982e-01
-1.729378193337447744e-01,4.732305287276469818e-01
-1.839412729161784776e+00,7.033997101855664624e-01
2.560038404391353772e+00,2.134136781941012861e-01
5.281451113068931225e-01,5.056367335288811105e-02
-1.432918147038686696e+00,9.278806527457410247e-02
1.539273515810754889e+00,9.806833200634249015e-02
-5.720489516400848462e-01,-1.103458189852311921e+00
1.464128910308188702e+00,1.870304540168983509e+00
8.425726161468736208e-01,2.064398993422707385e+00
-6.119125888864902496e-01,7.001455680507350232e-01
5.439680292913816606e-01,1.206418493141625109e-01
-1.924333223502033619e+00,-1.307974588131111782e+00
-5.645745243817068548e-01,-2.052612347980741880e+00
-1.354649193511782979e-01,6.614268593811478691e-01
7.088335054417893577e-01,-5.500210850615082636e-01
-1.504415462906004697e-01,-1.767402401245732335e+00
1.735926183126261568e+00,1.080319488458632904e+00
6.016513494813240104e-02,-9.996094929445701327e-01
-2.842852865140784724e-01,3.131923740400823775e-01
-2.235298757344805320e+00,-1.116549214923323770e-02
6.260293174903560631e-01,-1.525147542939863099e+00
-1.561743312625338276e-01,-9.695740099290203751e-02
-2.061544724742733425e+00,3.743101600749707547e-01
6.329551047159103216e-01,6.700058828099836328e-01
4.801885965412256985e-01,1.470066390854657401e+00
-6.589087920841925072e-01,-3.740803756400655211e-01
6.291939599717986109e-01,1.529901125029616837e+00
-8.825852177022138756e-01,1.071727316302235056e-01
-1.586045518668294796e-01,-1.669630939573092387e-01
-5.782346190529290553e-01,9.141168742905118882e-02
-8.758491014057856461e-01,1.685151409910102371e+00
-1.589833535907978490e+00,-1.712672280349219478e-01
3.588033525260312523e-02,7.428219871835902710e-01
2.419018837661694177e-01,3.350400278791986763e-01
