-6.316332593584936816e-01,-9.793522378354002633e-01
1.175703455112066864e+00,9.756465403611117027e-02
9.944789553142655003e-02,-1.150925489384273526e+00
-2.463558459891832531e-01,-7.106492309828269516e-01
-6.174427746428011732e-01,5.916571678993528538e-01
1.057144176760143814e-02,-1.028317568045415742e+00
-1.241259047121715531e+00,1.662853865277046372e+00
2.106547646597763668e-01,-3.095932611670426660e-01
-8.721888136383062484e-01,-1.367602981040466181e+00
-6.800674393366599180e-01,4.482508410690011491e-01
5.867711357686208329e-01,-5.534739684999822051e-01
-8.222449667779360150e-01,-2.354738137070952586e+00
1.287773417356490535e+00,2.234829406214461356e-01
2.783426761843024178e-01,5.704342491229250078e-02
6.112045831889436620e-01,-7.946242884637866322e-01
2.723710562421496895e-01,3.362309106778129664e-01
-8.376767648128943811e-02,-1.430371301107117299e+00
-3.526052484490799221e-01,2.874383078213418874e-01
1.613459377095134428e+00,7.999480845712347854e-01
9.447444782250651041e-02,5.500106103855998407e-01
-5.369880671064136690e-01,7.175567926519520190e-02
2.611869890641637326e+00,8.404348603345800361e-01
-1.292508042712198879e+00,1.841606962226342459e+00
-6.278877669436226938e-01,-1.387034054862383403e+00
-3.661181691183820752e-01,-9.330401382304188695e-01
-9.694503802331001507e-01,7.983133553631462931e-01
8.069840915579775675e-01,1.037664813220093851e+00
-1.025605897291497204e+00,-1.246795120626798870e+00
4.842704148378870199e-01,2.077097450665123635e+00
8.769108070712640091e-01,-4.036201481337545194e-01
8.647877427745908063e-01,4.426318866629255222e-01
-1.011178522137257119e+00,-3.305508045051153143e-01
1.072749926402265519e+00,1.058784419614339667e+00
-7.146060388760018256e-01,1.925545326578022465e+00
-1.558898688423055734e-01,4.502873601152557748e-01
2.881122101922249712e+00,-1.484038007192754804e+00
1.132774157590046515e+00,-2.046034378896437467e+00
-2.334226004452750747e+00,-1.533014087576595463e-01
1.242344751698615246e-01,-1.338646491273194572e+00
-9.819545893927964508e-01,1.853456928728481889e-01
1.663694533411103960e+00,-9.323467321495495508e-01
-5.773900105730501719e-01,-1.378599030826374472e+00
-7.104916606707135651e-01,-2.661527125606972799e+00
8.890129229855925352e-01,7.874727827616513354e-01
3.134703004348810551e-01,8.706475050524694614e-01
-7.616927742100413345e-01,-1.658676793924705350e+00
4.521462927449851343e-01,3.538243759951318901e-01
9.303278949245723517e-01,-8.032527379482030661e-01
-7.921326958451044842e-01,-3.518974869216261681e+00
-3.031777691403635400e-01,-4.982805745611636195e-02
7.058084798942482196e-01,5.089604013203438138e-01
2.404062941017233168e+00,5.826699931794484533e-01
-5.224106138429034374e-01,-1.704026220280023152e+00
1.078943519222214542e+00,-5.680543183845576660e-02
5.880939310817301369e-01,-2.975741836985283384e-01
6.324742323922871723e-01,2.246699929263254736e-01
-5.877733136899596644e-01,-2.277987247188866249e-01
-1.225733153204300985e+00,2.193028823062168176e+00
-1.496902303694877201e+00,-1.990554052184415612e+00
-1.320704543547088328e+00,3.588671763356479083e-01
4.219749315108983073e-02,3.142305240296624502e-01
6.459101536559040957e-01,3.693645390401568140e-01
1.016451404335290132e+00,-3.665115081147508058e-01
-1.220508960420092492e+00,3.469608144075497780e-01
1.212932987685025443e+00,1.253666421808396825e+00
-1.238438932673870119e-01,1.024377813029122786e+00
-7.367955993910093593e-01,1.544728379020070763e+00
1.216872113111374443e+00,-1.399457225967254859e+00
2.365854551993177846e-01,-9.219059994906639299e-02
4.356928381726501986e-01,-1.015062020115427233e+00
2.750322589748506186e-01,6.108862350191641699e-01
-8.116355238976989961e-01,-7.343675732907757325e-01
6.237333693724727013e-01,1.101238107210434025e+00
-3.096021304375363159e-01,1.151049660652618378e+00
-6.832085720355973724e-01,3.490977117269902230e-01
-2.174886429570946633e-01,4.996303701251234713e-02
-5.864501936243973201e-01,-6.887511018462711965e-01
8.005931486914935613e-02,-1.898994951940149445e-01
7.579240536279985285e-01,-6.453358309307825058e-01
1.079213725054788631e+00,-8.195389993719964794e-02
9.798359887676730828e-01,2.438973623210782815e+00
4.941683776750406265e-01,4.318075701602693828e-01
5.312048156187363368e-01,-4.847948137117865097e-01
8.032590771116543404e-01,-3.381816203891785388e-01
8.268434496483123564e-01,1.445533572278799195e+00
-1.849440005184181057e+00,-1.590147289071310865e+00
-1.199907011886973018e+00,1.383656793118901218e+00
8.298814855546602365e-01,-1.953784957028082969e-01
1.280108432106104033e-01,-1.211889041130862044e+00
-4.745430141158152870e-01,4.914145277068677764e-01
-7.062049365254291500e-01,2.583915455462706845e+00
-1.662795870127333764e-01,8.650068565204128701e-01
-1.427535251998212906e-01,-7.216681825655818505e-02
-7.975506513677033116e-01,-1.282331965365194781e+00
-9.458014383647243006e-01,7.964015922302708494e-01
-1.286182886505845113e+00,2.285938800287218020e-01
6.681407155291793076e-01,1.144879801809312175e-01
-1.061640918683657731e+00,-8.602124268871834678e-01
-1.187787455309183393e+00,1.447070221964668946e+00
-9.090742374027714900e-01,-1.018188256091551863e-01
-9.096320022661429361e-01,-2.048948078087282632e-01
6.073367757868889383e-01,-4.142305702012200608e-01
4.842228872743751245e-01,-9.084124114849185805e-01
5.008420078812618748e-01,1.114193694420507086e+00
3.327833074635423993e-01,1.629799786457349353e-01
-2.728010787037718488e-01,5.400187727484614397e-01
-5.147581489116507258e-01,-5.133074294195038023e-01
5.629501908577142499e-01,-2.340460435840096554e-01
7.932967625084799135e-01,-6.187349185643209459e-01
-1.379350292137155654e+00,-9.253626616413298533e-01
6.181582369751055239e-01,-4.942659532577754755e-03
-5.866883342476935104e-01,1.736194468249076861e+00
4.096848405801544746e-01,-1.582611407235362255e-01
-7.969200649877389298e-01,-1.530085120064966331e+00
-1.150380811627681465e+00,9.026739265528965772e-01
1.300568967072278426e+00,-2.244229377806923886e-01
-1.712310429840554760e-01,-2.087342307844043621e+00
-1.755386330566301167e-01,2.681386228751617140e-01
-5.974298563252194993e-01,-4.617806997392789325e-01
-5.259316369592170748e-01,7.670761499651724824e-01
-2.750127861138422780e-01,-3.364997798249344529e-01
4.279707034073173544e-01,-2.669891338284108850e-01
3.622473317684645755e-01,-1.046655578885604676e+00
-9.720394084475943997e-01,-6.204178589340634264e-01
1.380090480551339871e+00,1.270175909754007071e+00
8.582662523659367881e-01,-1.868262178390462380e-01
8.563209678655392398e-01,7.190788412539564911e-01
-5.222233754847832587e-01,9.381862143080713645e-01
-7.533240573038256782e-01,-2.659792569430166065e-01
4.053268123363346076e-01,-4.510005491802709238e-02
1.138064916543580773e+00,8.446904854499369675e-01
2.983692140130077330e+00,-4.320622983535047368e-01
-6.018280252731577074e-01,2.425247854262934100e-01
-7.487464166940542842e-01,-4.649968930530212208e-01
3.801078732973937613e-01,-6.890604487098884734e-01
2.767172659690884245e-02,1.155393901068927365e+00
3.083595865271089864e-01,-6.825808862068922789e-01
-8.807607498611109698e-01,-3.449876945300596187e-01
4.527269364219383418e-01,6.483780464011286160e-01
1.531127161633298650e+00,7.971946062845957082e-01
2.867679238672297126e-01,4.862837665343516247e-01
8.038641340957339843e-01,-1.069398343251486194e+00
2.091775067831810192e-02,-8.604333258782592697e-01
2.253841695975677517e+00,-3.333373478806720414e-01
-1.476183939367414544e+00,5.847817997879415503e-02
-1.038821239349273950e+00,-4.670279603900114873e-01
-8.529302771497686564e-01,2.444594772437897467e-01
2.472879826186808461e-01,1.586925329001648066e+00
-1.612426863863798687e-01,-1.176527595238562318e+00
-1.022751981052423709e+00,9.007836116180262254e-01
7.444991108505981670e-01,4.871787109278505890e-01
4.219981660051736990e-05,3.670774091146670193e-01
-5.198383801740006360e-01,6.106210449599018819e-01
1.047008954038318285e+00,-7.007595383472511319e-01
-4.464048257749718696e-01,3.139470868517980906e-02
-1.546160907156725051e+00,2.796821095114673805e-01
-1.663590703846585805e+00,-1.351394467178417491e+00
2.139072145483268128e-01,-4.538017032291222913e-02
1.690118373690040199e-01,1.726035672170678437e+00
-1.636045799617820595e+00,3.263124036533670558e-01
6.380184738199119465e-01,1.793280064355662118e+00
-3.510766268469151519e-01,1.319888552050768882e-01
9.059637497102394077e-01,-3.250455319857572523e-01
-6.613863373011041880e-01,-1.828564559569246573e+00
-3.032860825833376683e-01,-2.866000955511696979e+00
1.572486327803879425e+00,1.218656983072679889e+00
-2.358562329173534977e-01,-1.627586730413382865e-01
-1.983764324435223492e-01,1.613347290827813918e+00
8.102580072615895856e-01,5.219963964379701338e-01
2.796344903144142857e-01,-3.210629436668764880e-01
-1.011505686249548341e-01,3.025682128143810656e-01
6.504683533493986758e-01,4.910602480514697499e-01
8.721105167440835748e-01,1.606106546800416757e+00
3.154431390775081501e-01,-2.595667178660035490e-01
1.213766182498006385e+00,-1.381928654492213138e+00
-1.043094569408623329e+00,5.191237497516492105e-01
-8.759788525878786647e-02,-6.893561615589038905e-02
1.907379131395217753e+00,-1.339438947089460541e+00
-1.697398906296846643e+00,5.536714937370151857e-01
-1.242025806304979385e+00,5.279829823614798912e-01
4.035261412750832388e-01,-1.971859302948029358e+00
1.895116244442184850e-01,-3.423508346936701141e-01
3.001001836311537052e-02,1.142022723633785208e+00
-1.317243886439270595e+00,-1.880108903667631726e+00
-1.291364089581309438e+00,9.946148756390260637e-01
5.727298428265649166e-01,7.332288706947746038e-01
4.187718855114578448e-02,-3.381106241298659221e-01
-1.773957629457327601e+00,3.470308225994823137e-01
7.357006377385745255e-01,5.580295590452883925e-01
8.377718531425492055e-01,1.521332055709266884e+00
-1.109081582119075121e-01,-3.998580710929327542e-01
3.332444803682552692e-01,1.906199626298910932e+00
1.160256680272196278e-01,-5.163037643814810673e-01
1.308809027560481342e-01,-1.061133670431279263e+00
-1.169620918042556967e+00,2.973111052457612646e-01
-1.252365179020417552e+00,8.497927753237187742e-01
2.019539129007673350e-01,2.154198083983013046e+00
-1.301953387584932287e+00,-4.848606044819224192e-01
1.863348773869082375e-01,5.014738861429329786e-02
-4.583037111813246245e-01,-9.250892704121420618e-01
3.685123088911597122e-01,1.983537147086308794e+00
1.570654158268054656e+00,-1.117555476322590613e-01
5.269421951038458785e-01,5.006596922491444168e-01
-7.043521351043746659e-01,1.065244822329783903e+00
1.088087950496801959e+00,-9.602405638511513075e-01
-2.996490652728964199e-01,-8.647766063773910661e-01
-1.577734427475185330e-01,6.382645657062222533e-01
1.305924006304177987e-01,-3.837525852254917158e-01
-4.587554593889513477e-01,1.155594930253483588e+00
-3.268035082185280493e-01,8.915707516925525100e-01
1.527002062064976295e-01,-1.770268114954010485e+00
1.176600178906448191e+00,-7.411045768652192445e-01
1.821263068220633663e+00,-1.258672727616742870e+00
-1.504807873178938271e+00,2.513117514620434867e-01
2.145399560217267076e-01,-1.928800549620362403e+00
-3.235389471526978200e-01,9.585537190028077248e-01
1.523622381778657053e-01,-4.636789879562691064e-01
-1.936963630935062630e+00,-3.057551593838813142e-01
1.196436163814872389e+00,-1.948101502466976220e-01
-1.182452333129370287e-01,1.907829519015661335e+00
5.666088821326712432e-01,-3.734980756741637653e-01
1.823494054656587815e-01,-6.980924186587930125e-01
-1.814166181453316762e+00,-3.399973533267019454e-01
2.723207475179353354e-01,-1.658757876007655563e+00
-4.390283794731977274e-01,-7.184959608444013712e-01
-5.311308386703166712e-02,-8.014907048971444681e-01
-2.661800540600533505e-01,-2.286208024496586000e-01
-1.131254759573162794e+00,1.313980354113033211e-01
9.931616021073425005e-02,-5.508570064816293854e-01
-1.837457431952120579e-02,1.461473346530768547e+00
-1.860992762378901044e-01,-2.353055175970128476e-01
8.351002655803461128e-01,9.492710561322968976e-01
1.074400652132070810e+00,4.989154635721849140e-01
5.072912477498579126e-02,7.496978338929384256e-01
1.407720659988677347e+00,2.067277142788770117e-01
-1.992584996846223477e+00,-6.428608303123753975e-01
1.059098154331769570e-01,-4.539122361312056819e-01
3.882024976387279946e-01,1.011638876060666492e+00
1.129455968148563638e+00,5.893843575919049949e-01
1.944399892665283236e+00,-1.490635221176481728e+00
-1.755614276170521570e+00,-3.300956768829707011e-01
-1.876278122538614368e-01,3.021634107352925147e-01
-1.421617811329662917e+00,-1.325981264520095904e+00
-2.426332391152845047e-01,-1.257037829758247627e+00
1.488486399794367143e+00,8.046749115182690870e-01
9.967679374325281172e-01,2.542058607248423030e-01
-5.263090367468639119e-01,1.405623686018130369e+00
7.831583557579498145e-02,1.669098257365760452e+00
-5.119574303406448923e-01,-3.508161151348213047e-01
-2.606220873279415873e+00,9.208906242775607431e-01
3.253170320927626924e-01,-2.963115575607028762e-01
1.991892517854792821e+00,-1.193967048466006542e+00
9.352189266742031437e-01,3.830303220867797287e-01
-2.593808924671617833e-01,8.543517396950075504e-01
-2.915132913386405678e-01,-7.299407389213925512e-01
6.135934514005860763e-01,-1.399051750632886115e+00
8.952955363380422638e-01,6.460106039038847336e-02
6.509595137519260666e-01,-5.941491270500057764e-01
3.436037175150590262e-01,7.889063326127919717e-01
-4.642102370584473836e-01,-3.886567114369092746e-01
-1.126385360575190120e+00,6.221591814846276769e-01
-1.082684774647974413e+00,5.668708163782140153e-01
1.952838525060852204e+00,-9.854975126268123997e-01
-5.605394948498415575e-01,7.679436958581468131e-01
-7.553123499050053979e-01,4.541919232156733655e-01
3.993432128878294241e-01,1.389270473965264596e+00
-1.490900239137891603e+00,1.606775389143884070e+00
4.940352711826003218e-01,-6.157591977030911767e-01
6.398067932080483411e-01,-2.204077827425447111e+00
-2.610359542749222106e-01,2.263906730005469659e-01
-3.801450855385182792e-01,2.153433638296935904e+00
1.006850272271796687e+00,-3.338011193607222094e-01
-5.012296421389194068e-01,-3.528386374830602135e-01
-8.878427552815526536e-01,3.161473409882766261e-01
-5.665067215318698723e-01,1.658053387769692577e+00
3.141368615464050773e-01,-9.705557070380257390e-01
3.673339424643419227e-01,-9.354613462911460786e-01
-4.372746931596939168e-01,-2.799226280372465459e-01
-1.125025363787534483e+00,5.250216833809395744e-01
-1.050913469148664126e+00,1.615453542216991556e+00
-2.527041503047723903e-01,-2.052362587933894922e+00
9.205755555175503257e-01,2.202817345895200063e+00
2.351209262874251138e+00,5.001784507405888647e-01
-1.389532306748690216e+00,6.705922813949654060e-01
2.086795866114888209e+00,7.013057458921322374e-01
-4.329719389479465552e-01,2.491615637486383483e-01
-5.761995699728581499e-01,-1.220295818561627277e+00
1.318972999741224728e+00,7.515628490689799657e-01
-7.035431477799915234e-02,-1.715461451398659243e+00
-5.161566544974930393e-01,-1.682365633042511632e+00
-8.463890362280913626e-01,7.822321979778713574e-01
-6.444992516430884111e-01,-1.314451552034838544e+00
1.363129779278301701e+00,1.634000883283861283e+00
-1.295413106132047965e+00,-7.627048971681896772e-01
4.882782669797450792e-01,-1.143871381401612819e+00
-4.157533995412038830e-01,7.129632562382076655e-01
-7.972465148420563308e-01,4.610567523380044719e-01
-1.629490338667565652e+00,1.554442760480108987e+00
5.353034246001504570e-01,1.305126061769572299e-01
2.814271784466151893e-01,-5.897261968214914662e-02
1.275753819135176048e+00,3.880691302637412909e-01
7.003645657426753601e-01,1.529704760871822611e+00
-8.691395183312947484e-03,-3.102116888723935872e-01
1.120623621672861336e+00,5.031429597436892776e-01
6.040018079435209852e-01,-6.907700545403469006e-01
1.562210537319678849e+00,1.067993487510749517e+00
1.817645608300751281e+00,-4.758632990132812268e-01
-4.772930381371890962e-01,1.077351484832259620e+00
7.121231270047683193e-01,-1.071534400389942965e-01
9.603944168969610340e-01,-4.670918340220500675e-01
2.394873046427842267e-01,8.766048339879468632e-01
8.749757907434300153e-01,6.716045922600297757e-01
-1.180531008609958743e+00,-3.882956829973469026e-01
-9.222682535103746693e-01,9.512869606493902230e-01
-6.998840037915979306e-02,-1.391311231136935112e+00
8.579499090471462419e-02,8.764226294099428105e-02
1.350124200914319506e+00,5.778763939345326062e-01
3.628210997720192066e-01,1.178383975951514451e+00
8.834820438152423128e-01,-2.312422700665561215e-01
-5.679330484513092081e-01,-4.969446530339621249e-01
1.557790775044531895e+00,1.148861242055731591e+00
-1.177154266070248090e+00,-3.736225083246997869e-01
-3.231293173115383777e-01,-2.054431651330889674e-01
-9.249701010846939075e-01,1.077279542201000861e+00
-8.325047378194846415e-01,-1.024008885936129598e+00
-8.584474220188945126e-02,1.017245576962791387e-01
1.801591849693880421e-01,-2.745888853172576138e-01
-1.050152524168782353e+00,-6.307676854744364014e-01
-9.331774859062849092e-01,-7.488259745936793887e-01
1.087588303220184072e+00,-1.584966601174931655e-01
-5.775340042643976046e-01,-1.137063806336287231e+00
2.390031378481991264e-01,-6.242412180001337685e-01
-5.960870877524505618e-01,2.088798387936122158e-01
-7.542141444754604240e-01,9.684215901743704613e-01
6.664149110984008730e-03,2.562248987196858341e+00
9.645470414590929797e-01,-1.901025171363482702e+00
2.517845974144648502e-01,-1.298725186217163374e+00
5.106532601501605484e-01,-7.881137533072567480e-01
-9.784513839026478532e-01,-1.284057048262320366e+00
1.275256931660494697e+00,-5.914493446406263732e-01
-6.683469386209026641e-01,-7.398365120067721401e-01
6.310700948280378864e-01,-6.985259363522055009e-01
6.692508246905876090e-01,2.014615580890409596e+00
9.596811782410069602e-01,-9.753824056246463980e-01
1.709913928699455576e+00,4.903916758149323707e-01
-6.547391713033523519e-02,-1.706121347393116272e+00
-1.052156110168763092e+00,-1.438467429361745542e-01
-3.803094832548489235e-01,3.095899564045192717e-02
-2.596812910550159614e+00,-6.044384760774587639e-02
-4.243664705309153073e-01,1.866244009551988325e+00
1.174393713584555021e+00,6.556803638787948030e-01
1.439350262688121329e-01,-1.168296067469182381e-01
9.009922179867075887e-01,4.625259081205880252e-01
7.136747230445270596e-01,1.096710454475756435e+00
2.556518547015607989e+00,5.622711664938951914e-01
1.600211901138111736e+00,-8.218134699467294357e-01
1.936052885281529967e+00,3.182526104708921499e-01
-2.160411765026216457e+00,5.614442700853843338e-01
2.133397772206467202e+00,-5.772833680489386499e-01
-1.102459180643333925e+00,-5.888050562336574062e-02
-1.365883854722198087e+00,-1.046953131960980832e+00
7.256638770038591479e-01,-2.346848303239340849e-01
-1.396611798242230584e+00,-6.638931259402768292e-01
4.526944503083821791e-01,-2.512368094580660571e+00
-8.449639160289142970e-01,1.333396249518933596e-01
-1.225379694940078146e+00,-1.679793445413793274e+00
-1.375031729835689331e+00,-5.946319992946763611e-01
-1.148523445102492602e+00,-1.010886052687642866e+00
-6.516641583746299871e-01,-4.884675840981721473e-01
6.957944927246487721e-01,3.751344453544255830e-01
7.130172592670681597e-01,6.447398249424798333e-01
7.297702658875733217e-01,-3.908743704810468955e-01
2.064765523220684629e-01,4.958841267733933855e-01
-1.227841223396096693e+00,1.904301398363184294e-01
1.229020396223712730e+00,6.852841316083776446e-01
5.212580188753446198e-01,5.620867101499198437e-01
-1.253598076801177297e-01,1.564673322064241701e+00
-1.690025031562390589e+00,-2.600136279810630335e-01
6.966235446883037863e-01,-1.822113740837795426e+00
-5.899662113779921002e-01,-2.693814766248798231e-01
1.310668260315794420e+00,-1.140688666129239470e+00
-4.027660640494430400e-01,5.720354566847261069e-01
-3.506805374152663357e-01,4.983161849475573613e-01
7.746051734090116936e-01,3.167768386807064407e-01
-7.226851315801533504e-01,-8.573929025470439225e-01
-1.181474495127425417e+00,7.934510389727823521e-01
-1.237677992306128738e+00,-8.066351442839431174e-02
-8.308673157849179036e-01,-1.200362981107844007e+00
1.616481213374795445e+00,6.866513636507803886e-01
-7.965638591382658007e-02,-1.012110318387554608e+00
-1.203806228687161139e+00,-9.644776842427242869e-01
3.702436618050209960e-01,-1.141463269844802175e+00
-1.041696323504827104e+00,3.228651722329630713e-01
3.151919603872329612e-01,-5.658173268690160074e-02
-1.174382900685229325e+00,-7.297408992935644489e-01
-2.973532229074261068e-01,2.913531556103597930e-01
-1.230014955293744938e+00,2.668617136547539737e-01
1.390609706069591445e+00,2.001664781671655402e-02
-9.334188762360482450e-01,-6.161112313970478205e-01
-1.476351865570749711e+00,-8.084745629064065131e-01
1.776126108204501702e-02,4.072805633177234430e-01
2.512407202349661306e-01,-9.396792000444817994e-01
-9.593021867494241350e-01,2.426200679988427478e+00
1.178742942360630819e+00,1.313268488941142786e+00
7.968311153222862320e-01,8.552758959474607847e-01
8.288382814128034681e-01,4.697645695934897780e-01
5.034090549775194212e-01,-1.173363260797739116e+00
8.964039537368589938e-01,-3.488993814732681970e-02
1.241089931951565140e+00,2.458188794293535706e-01
1.227075175709628319e+00,9.541337595588235410e-02
-1.457442065019264099e+00,-1.220515003564609069e+00
-1.531618730290462249e+00,-7.162901244474383367e-01
-7.744886414937631747e-01,-2.050927063922461269e+00
-8.074598211197921982e-01,1.250977683851992373e+00
1.214850568897740013e+00,-2.168362883969260080e-01
3.095143683013586444e-01,4.009511113925702808e-01
-5.419585453274886611e-01,7.508335942319760425e-02
1.426633172233705116e+00,8.679758953305799496e-01
-3.340931952144661765e-01,6.750649488393119235e-02
1.135406998887043661e+00,1.124404816670368235e-01
9.858140394736371048e-01,1.273633827026602550e+00
3.292173217779678640e-01,-4.835023710098798611e-01
3.121406005246877835e-01,1.676809157164888653e+00
2.802596513873650830e-01,6.554760706807286619e-01
-1.148678015426356280e+00,5.933119705243618952e-02
-7.804626144564320578e-01,4.069015891314636812e-01
3.678886361382476267e-01,4.977592566882790837e-01
-1.532330663294888096e+00,-4.040005024145320589e-01
3.868450450895325604e-02,-1.672388689979735998e+00
-5.478132946908753631e-01,7.387442781799358205e-01
2.306427002188230269e+00,6.170968694729913606e-01
1.119505053027278096e+00,8.696594688561999353e-01
1.130238012687741156e+00,-5.666927026052014787e-02
-1.413393130960830080e+00,7.314803206796476331e-01
-5.212728226993883496e-01,-7.939414968914718651e-01
1.406733799405443408e+00,1.445236089575925753e+00
-2.374468895836413740e+00,-3.473784468210773524e-02
5.890827254380203160e-01,1.068897151262825806e+00
8.464015549848291631e-01,-4.448630570536030726e-01
-1.049255809434937320e-01,5.088405662998907175e-01
-6.695799660540749931e-01,2.925914951200616065e-01
2.814611526930715368e-01,-1.244629599220332006e+00
7.414856048417577394e-01,-1.555447768257885999e-01
2.214450847276810130e-01,-9.648218979525987615e-01
3.125382587264637357e-01,-8.589849386448947799e-01
-9.766013703784965916e-01,-1.648079912805495928e+00
-1.408195322807176186e+00,6.233757707998537345e-01
7.173160693528093379e-01,4.764290880395879446e-01
9.425586936250248682e-01,1.148366311462598155e+00
-9.777424776093767145e-01,-8.148100030743511413e-01
-3.469433239262894597e-01,1.145069013411607273e+00
-2.789344648054841169e+00,-6.621290015326994904e-01
-2.301129939575138117e+00,-7.266215094772442429e-01
2.182525902560127073e-01,2.432495728778664712e-01
-1.603766832963925193e+00,1.612578803571071084e+00
1.543649999543350804e+00,-8.303631653650332678e-02
-2.459826132108000885e-01,4.878324356389384109e-01
1.975743289592391427e+00,5.246644284251816837e-01
-1.154346101428409099e+00,-7.404661828236690502e-01
-1.700676087170210016e+00,-6.733488417701299911e-01
1.170792679820256366e+00,2.359382857307906090e+00
5.933334312562061896e-01,-2.987457066137134964e-02
3.409282914290963640e-01,-1.525199693395638212e+00
-6.716294064543875120e-01,-7.251607854383523843e-01
2.160539706401672921e-01,2.508862449706670272e-01
-2.920968880772831233e-01,-2.727741180830181578e-01
-9.394347586256437399e-01,-1.730042600495052540e-01
-2.083406595413627382e+00,4.987882501965743010e-01
-5.342703834308583088e-01,-5.568705559649631542e-01
-1.129031802919631122e+00,1.067631825287634201e-01
2.312979576012285376e-01,-1.481313509107715642e+00
-3.735107870003212538e-01,1.010292804717650705e+00
6.185698157844700396e-02,-1.647695748238959146e+00
-1.102594320345114731e+00,-7.220491292356728819e-01
-7.459501200744788063e-01,-1.891487868577296672e+00
9.235592873489489874e-01,1.177264676313429348e+00
7.726453200896225004e-01,5.983436344414652108e-01
9.520968403847924755e-01,3.424788364196975632e-01
-1.133453074697850838e+00,7.039216474217460107e-01
-1.123231950022036241e+00,1.611356355068470636e-01
4.430839644249864873e-01,9.657536949747898003e-01
1.361528816685837251e+00,1.074113337716421368e+00
5.953129933859923062e-01,-2.041753832068375907e-01
9.403350621503504536e-01,-8.187260883240559117e-01
-1.102271574165779811e+00,-4.464792453008337714e-01
-4.941185445888530148e-01,-2.029099464515162765e+00
-1.775773894598550617e+00,5.178863325948364071e-01
1.962497327667351188e+00,7.500801085496950904e-01
9.111160081655026444e-01,1.251592480279238417e+00
1.449675135409469462e+00,4.713912722384735465e-01
1.181392970152072841e-01,1.491461071575159725e+00
-2.236688457020431287e+00,-1.010650841273727174e+00
7.384465090913688856e-01,1.746271095063843370e+00
3.536699646872449310e-01,1.705259669030540826e+00
8.233952318862090003e-01,-9.194358552635902848e-01
-4.636993089106569155e-01,-1.587939372808040650e+00
-1.057542367807296158e+00,-8.878253714453390733e-02
-2.720835415816102443e-01,6.119214707849424117e-01
1.519158364279060036e+00,7.682864666071806958e-01
1.353808261154376247e+00,-9.397316952296261849e-01
