1.304566313229323371e-01
1.347220144960955823e-01
8.518678850957957238e-02
1.050793776698565329e-01
1.061102758177037836e-01
1.135287063653693113e-01
6.900320677479647447e-02
1.192239709507389861e-01
5.555478997196068580e-02
1.036952769414433151e-01
8.040632036651849945e-02
8.718889659569323269e-02
1.377379039633221391e-01
1.243736666212179320e-01
9.285881840394050180e-02
1.694873116002702795e-01
1.137232372956496346e-01
6.662382670587174704e-02
6.020230017998317446e-02
6.303959656133642508e-02
1.193247918883222486e-01
9.095511487515069160e-02
9.727486668768621503e-02
1.304153536932808055e-01
6.401007111003151340e-02
6.928350847953788916e-02
1.116941236826129030e-01
1.277027908936556322e-01
9.237214378760953692e-02
7.894706763153368223e-02
7.341353022167795839e-02
1.262126090163750158e-01
9.163518968244084573e-02
9.001076236592370217e-02
1.165967969572167251e-01
8.177785720931673996e-02
7.605129733248162938e-02
2.230962917796754097e-01
9.110166141657799477e-02
5.241183756314608116e-02
5.475950320080048839e-02
8.065351879835151727e-02
2.109082659399819926e-01
1.199880238212977512e-01
1.532258803092585997e-01
9.266505832922031227e-02
1.506017614115549019e-01
1.124257234920878895e-01
8.634096593544977882e-02
1.363783626152682560e-01
8.032017457198456500e-02
1.118588262764108471e-01
4.830179734576115630e-02
4.966932083008134685e-02
1.093565856767028388e-01
1.014879041221493222e-01
7.579044753890652741e-02
1.326303409431817126e-01
9.085821337520334773e-02
7.080070619730155501e-02
4.064858539099384938e-02
1.041655683700842688e-01
7.662740863033225269e-02
1.420900989465380959e-01
1.353281634006779921e-01
5.797992154747882987e-02
1.951728076835110848e-01
1.200510670154030790e-01
8.415829002167367345e-02
9.599967539396012106e-02
1.184856096902436456e-01
1.235481476030035192e-01
1.449906327829922070e-01
8.692766920987687884e-02
9.853106736460363890e-02
5.622109755326151759e-02
1.399327572450314583e-01
1.273615588615466254e-01
1.249905921284269611e-01
8.868865915300676306e-02
1.205188548030838025e-01
1.367351755173349948e-01
6.148286880865255766e-02
1.060040175615929309e-01
1.115830887257845128e-01
1.588873194247090170e-01
9.179150058806674617e-02
7.418158229561606920e-02
1.152682807057523601e-01
4.648918662477461577e-02
1.686353960781681316e-01
8.262205594921273599e-02
1.413815596822825260e-01
1.082081577815638268e-01
1.091627407265183813e-01
1.108891022727159642e-01
1.458430067406855379e-01
1.428051417405464263e-01
1.350236735174038250e-01
8.525144409001331192e-02
