7.194968200758250498e-02
1.513143531529455021e-01
1.285721200455961499e-01
2.980612153017073163e-02
1.040990364160897380e-01
9.928634316092004031e-02
1.296196967322544025e-01
1.069881903730498240e-01
8.176617342639043440e-02
2.134659281780323936e-01
1.325575889298709065e-01
1.811618202052260040e-01
1.970501121084765883e-01
6.749667551340111926e-02
1.119637175838703730e-01
1.410456980265158422e-01
8.193794603351194084e-02
8.027379717811269910e-02
1.561901432490815089e-01
7.352296574319371059e-02
1.082797980304429225e-01
2.131602463903299605e-01
8.434016382623273078e-02
7.652108137518422171e-02
1.825829525737678594e-01
1.149028898189600190e-01
1.427652756033750692e-01
1.929757940416662043e-01
7.360629281539282642e-02
6.601924989649035624e-02
7.462235980007819736e-02
9.196397884808649170e-02
4.292298556346118427e-02
7.358962832401620691e-02
1.490181168262682265e-01
1.275443057726360629e-01
9.667470087224022679e-02
7.943661921076948518e-02
9.703834668993527313e-02
9.627779678724525739e-03
6.697378323890157414e-02
8.015602443450398074e-02
2.518037414176901301e-01
6.975511779368921694e-02
5.067804746815432471e-02
1.181320986754951230e-01
8.401782456716148928e-02
3.984819975292284446e-04
8.499233202123998576e-02
9.432192889880700037e-02
1.107325656795217494e-01
1.790468287628449173e-01
1.391463745160614884e-02
7.794076108591810326e-02
7.779173268140165964e-02
1.411307016065256326e-01
1.070490318103518163e-01
1.547326304162103261e-01
1.275906523071494714e-01
1.216700912345892865e-01
1.219948057057417545e-01
8.939050424722810861e-02
1.546259751068068955e-01
6.939884553636767317e-02
8.045453741213115517e-02
9.142014144070124970e-02
1.429058434414923751e-01
1.943992938959825667e-01
1.035460229736385879e-01
5.848367840774835319e-02
1.031682937838603598e-01
1.393013839845883006e-01
4.482802780080739208e-02
2.142847949103160107e-02
1.757533915681337988e-01
3.411707025071634980e-02
3.139074062532517528e-01
2.477057724072537215e-01
1.097373692054496586e-01
7.182506510362425545e-02
4.168782256864271563e-02
1.729217075193981989e-01
2.156504779112400350e-01
9.750629148922980438e-02
1.898745674440717179e-01
1.600811142611381910e-01
1.583874129635099715e-01
5.103239037454621735e-02
4.579721340510743699e-02
5.152069904342382323e-02
1.975702526030845285e-01
8.231840386649365293e-02
9.880873058680922361e-02
3.403404777216762628e-02
1.101245566153584432e-01
1.401318054421200887e-01
1.141482571775615240e-01
8.385220057663711479e-02
8.799761797391825180e-02
9.838375792935953601e-02
