1.084898212226549086e-01
2.737234884197466966e-01
-1.517684227636851776e-02
5.186752685270559771e-02
1.267930144545156568e-01
2.293012011760597324e-01
1.008714119989176927e-01
1.127755725870693421e-01
1.054793877907907879e-01
4.159257936593032529e-02
9.270193308931812259e-02
7.500476927420342277e-02
2.553165593237381459e-01
2.299667777655101941e-01
1.078800680448846055e-01
7.950454529652691005e-02
2.032153186871915596e-01
2.012393034250443691e-01
7.677281172252886643e-02
-3.297927910666187401e-02
1.004401783914442015e-01
1.761949397880041845e-01
7.982262217113814118e-02
3.195230123753371124e-03
-2.059713889999864947e-02
-7.581074236856919423e-04
4.146793470618932720e-02
5.984796159348860362e-02
9.451208789033212210e-02
1.285628220210973394e-01
1.119662162739877148e-01
8.091852954049366664e-02
1.041242742251210496e-01
2.412091070923549352e-01
1.514816645850119992e-01
2.631323238446394708e-01
2.329615233980687206e-01
2.054145668347595044e-01
1.865747173509686024e-02
9.197114576809745090e-02
1.554793899904246823e-01
1.399262242073975315e-01
2.505809673120479864e-01
3.834058172372376699e-02
6.974189547767579989e-02
2.299237963808680729e-01
1.843162325633606602e-01
1.136523192266846033e-01
1.987286012577788030e-01
5.703518664477987693e-02
-2.991279567059837441e-02
2.137387428409073115e-02
1.152950715337948406e-01
6.306808605908323373e-02
5.290758086551395484e-02
8.652128965976707553e-02
8.355418588195751006e-02
1.353556193977105415e-01
1.157314687265143111e-01
1.261505869571132310e-01
1.631432561795887748e-01
6.868217017597184892e-02
1.661426770108701823e-01
1.097065515463882118e-01
1.698110561302154653e-01
2.048517645898591602e-02
1.146936214816944022e-01
9.080567593840276064e-02
1.297519330372529645e-01
2.965350651066128718e-01
7.394144501265512148e-02
1.153692140686640860e-01
8.454958846621786830e-03
3.813866218249462037e-02
1.808788936098812694e-01
1.313829697702624533e-01
6.581962551341040413e-02
1.322336237423112626e-01
3.104440103348786104e-02
1.928937627088624929e-01
4.432152009972016582e-02
4.583304402188566329e-02
2.262416627270106839e-01
1.147929585655534518e-01
1.088410778921247157e-01
1.672415824875229662e-01
1.706879187994827796e-01
1.028592731443648926e-02
-1.488057819814360590e-02
9.731604471045304794e-02
2.744545326564292731e-01
1.444292318410332343e-01
1.701395391645155464e-01
1.996512265772238115e-01
3.685918134092229514e-02
2.905524072308986461e-01
1.122739464797514880e-01
9.767169210936259283e-02
1.415165555937351050e-01
-9.445214004638474714e-02
