6.257245997792735409e-03
1.339194579543686314e-01
1.590442679410628279e-01
6.430307984546514144e-02
8.725109618461754368e-02
1.810414335842833872e-02
3.137831408343875333e-02
2.313570619714413190e-01
4.340127800195227314e-02
1.547627914850382147e-01
9.067606971000083393e-02
-5.929270727685162501e-03
2.012772923196080588e-01
1.234372341134822026e-01
5.438685230631773448e-02
8.372690586186624928e-02
-1.612786877786578921e-02
1.101814687718574576e-01
9.190265601354453973e-02
1.083359973217026678e-01
6.170868858712429128e-02
1.389593771589116844e-01
4.756873196140691540e-02
1.582413523282929502e-01
8.101055410533998524e-02
1.173092878397769823e-01
7.532596079510762987e-02
1.762373148003217316e-01
1.829653965827619799e-01
3.870059753133345826e-01
2.297227842236470308e-01
9.095319705185072809e-03
2.220389841619504687e-02
1.168124482305238493e-01
1.136850218827858694e-01
2.169947179447726804e-01
2.069977815822466455e-02
4.020498536271328860e-02
1.869379322063206561e-01
-1.429495828489990615e-03
1.571224775009938124e-01
1.314177611112150590e-01
1.765097161403859638e-01
3.192824602367119180e-01
1.219455131419859006e-01
1.216372593244947342e-01
4.609367220103356005e-02
9.941168800784236370e-02
3.902626823157444996e-02
-4.024677363652003070e-02
1.073069852751565995e-01
3.895550410224202925e-02
2.063018729970796383e-01
2.611484834351546214e-02
1.470444446619494083e-01
9.751698536939752693e-02
6.336872518824733513e-02
7.965677437687238016e-02
2.356437745759545066e-01
1.486753554621931539e-01
1.074597668402256512e-01
1.405065411377554585e-01
3.591370681651622626e-02
3.349614569719226720e-02
5.255244053477999694e-02
-1.898664355439005219e-02
2.063256973985561071e-01
1.307714796280627367e-01
7.649002242385639916e-02
6.293516481599231716e-02
2.357996537821712146e-01
1.109663360114809122e-01
1.047493640059315723e-01
2.757375035414298403e-01
4.995518957077222516e-02
3.792441216346491284e-02
3.065623572307176747e-01
9.419946313382597525e-02
2.095431464385251463e-01
1.506347492767294016e-01
9.942534353056244056e-02
1.576689673526402921e-02
7.711131005003615813e-02
4.354987568953308519e-02
-2.658877980052413645e-02
3.478929563261377589e-01
2.023187966269547056e-01
6.853354590337708274e-02
2.005834533984389989e-01
1.792946062097962590e-01
-4.469962308815557395e-02
1.949665323876113021e-01
-1.037633884666079370e-03
2.955585851559682994e-02
5.842739216208375427e-03
9.476081016439133475e-02
1.884099312583754626e-01
-1.713258617306211845e-02
6.476315042729237359e-02
2.087344863879209700e-01
