4.696697569958201146e-02
1.406481744306823378e-01
1.744621586028521354e-01
8.141897308231366148e-02
9.683353610874566308e-02
2.703884635831319688e-02
5.603003218797725921e-02
6.941575830992839646e-02
6.255778599650740901e-02
8.430314118833573400e-02
8.894468753767227620e-02
4.435323616963746107e-02
1.791556595856054757e-01
9.982234793093958114e-02
7.416297713560220106e-02
1.058271817230264505e-01
2.601406448374349312e-02
1.066801286097303209e-01
6.890783472822169242e-02
1.090839823738140313e-01
7.877528333732555788e-02
1.199762574826669093e-01
6.470003713673271040e-02
1.304843569683337701e-01
5.958863300267754765e-02
1.252614848924699376e-01
1.068328256028888840e-01
1.083057096672202096e-01
1.259464054856418991e-01
3.125104899113090307e-01
6.305158596088280554e-01
1.808714612211182945e-02
8.775822144895413512e-02
4.889746975208382473e-02
1.428071333326165759e-01
1.658953364784678253e-01
3.301835358731567555e-02
5.441598347924802431e-02
1.545127225943452032e-01
5.590667929918883422e-02
1.303576338467236084e-01
7.484972369690971739e-02
1.395909721485549260e-01
2.571341450425508879e-01
1.940380678084251478e-02
1.040771991822110193e-01
7.176105794927756243e-02
1.187668456077159568e-01
5.742159280569734958e-02
3.042452432277139088e-02
6.987963566918425906e-02
7.252346769412774952e-02
1.090011768850719792e-01
4.260640302031418192e-02
1.353988449421244800e-01
1.091633536090839407e-01
6.768626153133806833e-02
8.003114222631807495e-02
1.755261532692336257e-01
1.204021482530645698e-01
4.744293417123882084e-02
4.601240689484298318e-02
5.984327975377441711e-02
4.664290398127970277e-02
6.819251038731426184e-02
4.430922885893216062e-02
1.919531115644824704e-01
1.319516740046515479e-01
1.076942795116729162e-01
8.971025695620619966e-02
1.127875773101591206e-01
9.654945019654015415e-02
1.080943455704844736e-01
1.972034506043014446e-01
5.604813788419849702e-02
2.835904922053349500e-02
2.038931487932981457e-01
1.203176643296479942e-01
1.268631848125571504e-01
1.181521756354143304e-01
1.017136914873901093e-01
5.125028822453153027e-02
1.229465448207216760e-01
2.522294586867402516e-02
4.983320709524236697e-02
2.546973024285135168e-01
8.897273788941791051e-02
4.028099912436989422e-02
1.846236296571625579e-01
7.928355146096256745e-02
3.879886783878076784e-02
1.657721452779709614e-01
7.015975518480400963e-02
5.125394176197674984e-02
4.205371158792738095e-02
1.282322537502472160e-01
1.098752688538010974e-01
4.229097057606175797e-02
4.761293453077340004e-02
2.039091610840096935e-01
