2.362552192682035659e-02
7.388487599783699622e-02
7.176829924170451125e-02
3.981806719214421586e-02
4.871324896425179019e-02
1.279317234772064937e-02
2.405534515618633004e-02
3.185051050191238520e-02
3.238052492214515965e-02
4.439750367257024738e-02
3.705371867224858257e-02
2.112745226500323606e-02
7.746779782677731818e-02
4.512797509408789098e-02
3.949627185544951624e-02
5.147935945171497329e-02
1.208159193983333705e-02
5.342562274641049491e-02
3.718366322461647000e-02
5.347324405212616066e-02
3.970884141299500097e-02
5.564952113300274811e-02
2.571362050304776964e-02
5.354637115536223235e-02
2.856585476860100739e-02
5.129181507919788885e-02
4.759205756433860374e-02
5.152456137751419002e-02
6.675847186412015022e-02
1.245302242070848026e-01
2.600221443587157344e-01
9.402652117632716994e-03
3.932492117619151850e-02
2.435927203845704783e-02
6.271147615029852573e-02
7.284321523100634188e-02
1.547676753439078921e-02
2.590989072246848574e-02
6.984558010562874619e-02
2.398771579585329272e-02
5.990652966769433735e-02
3.546932247407452027e-02
5.963570359238749841e-02
1.136170056903633430e-01
1.001672187462155500e-02
5.530560389326490134e-02
3.130533172602047165e-02
5.570936410038763997e-02
2.589768187660238669e-02
1.364390229106279655e-02
3.899787328048012064e-02
3.421983394515085153e-02
5.101916930859645705e-02
2.217313067409619476e-02
6.179537915269445181e-02
5.466020800168729793e-02
3.629315259327903220e-02
3.406574830681588506e-02
8.728672140847106020e-02
5.355426787432251284e-02
2.458315398225928081e-02
2.840388790510809877e-02
2.711618416293688077e-02
2.472993016216329040e-02
3.090762190263424830e-02
1.941060740682234304e-02
9.277112055806212287e-02
5.525405008296932485e-02
5.131182784680257680e-02
4.465864731597538745e-02
5.587364243224415133e-02
4.377739931704457965e-02
5.034347279456751617e-02
9.528004013009358508e-02
2.574765879310417227e-02
1.428663341521679842e-02
8.640884900104284227e-02
5.043007165605698644e-02
5.935602507746742112e-02
4.838934419401468706e-02
5.056834416501494039e-02
2.678120971802899417e-02
6.084215012333027417e-02
1.418384511020879743e-02
1.980604657297064045e-02
1.082211704016636800e-01
5.119065654515630309e-02
1.724043098961190734e-02
8.246736023944542526e-02
3.743881688412815240e-02
1.718222658788317106e-02
8.026592690110907757e-02
3.195294036050318892e-02
2.395323937079289756e-02
2.279504386581928180e-02
6.027222912850554309e-02
5.007014276209161008e-02
2.044466768221564132e-02
2.075957511425137111e-02
8.672223790305380597e-02
